gen_Fitbest[0]=0.3628117913832202
gen_Fitbest[1]=0.46258503401360573
gen_Fitbest[2]=0.47165532879818617
gen_Fitbest[3]=0.47165532879818617
gen_Fitbest[4]=0.47165532879818617
gen_Fitbest[5]=0.47165532879818617
gen_Fitbest[6]=0.47165532879818617
gen_Fitbest[7]=0.47165532879818617
gen_Fitbest[8]=0.47165532879818617
gen_Fitbest[9]=0.47165532879818617
gen_Fitbest[10]=0.47165532879818617
gen_Fitbest[11]=0.47165532879818617
gen_Fitbest[12]=0.47165532879818617
gen_Fitbest[13]=0.47165532879818617
gen_Fitbest[14]=0.47165532879818617
gen_Fitbest[15]=0.47165532879818617
gen_Fitbest[16]=0.47165532879818617
gen_Fitbest[17]=0.47165532879818617
gen_Fitbest[18]=0.47165532879818617
gen_Fitbest[19]=0.47165532879818617
gen_Fitbest[20]=0.47165532879818617
gen_Fitbest[21]=0.47165532879818617
gen_Fitbest[22]=0.47165532879818617
gen_Fitbest[23]=0.47165532879818617
gen_Fitbest[24]=0.47165532879818617
gen_Fitbest[25]=0.47165532879818617
gen_Fitbest[26]=0.47165532879818617
gen_Fitbest[27]=0.47165532879818617
gen_Fitbest[28]=0.47165532879818617
gen_Fitbest[29]=0.47165532879818617
gen_Fitbest[30]=0.47165532879818617
gen_Fitbest[31]=0.47165532879818617
gen_Fitbest[32]=0.47165532879818617
gen_Fitbest[33]=0.47165532879818617
gen_Fitbest[34]=0.47165532879818617
gen_Fitbest[35]=0.47165532879818617
gen_Fitbest[36]=0.47165532879818617
gen_Fitbest[37]=0.47165532879818617
gen_Fitbest[38]=0.47165532879818617
gen_Fitbest[39]=0.47165532879818617
gen_Fitbest[40]=0.47165532879818617
gen_Fitbest[41]=0.47165532879818617
gen_Fitbest[42]=0.47165532879818617
gen_Fitbest[43]=0.47165532879818617
gen_Fitbest[44]=0.47165532879818617
gen_Fitbest[45]=0.47165532879818617
gen_Fitbest[46]=0.47165532879818617
gen_Fitbest[47]=0.47165532879818617
gen_Fitbest[48]=0.47165532879818617
gen_Fitbest[49]=0.47165532879818617
gen_Fitbest[50]=0.47165532879818617
gen_Fitbest[51]=0.47165532879818617
gen_Fitbest[52]=0.47165532879818617
gen_Fitbest[53]=0.47165532879818617
gen_Fitbest[54]=0.47165532879818617
gen_Fitbest[55]=0.47165532879818617
gen_Fitbest[56]=0.47165532879818617
gen_Fitbest[57]=0.47165532879818617
gen_Fitbest[58]=0.47165532879818617
gen_Fitbest[59]=0.47165532879818617
