gen_Fitbest[0]=0.3883928571428571
gen_Fitbest[1]=0.41071428571428564
gen_Fitbest[2]=0.41071428571428564
gen_Fitbest[3]=0.41071428571428564
gen_Fitbest[4]=0.41071428571428564
gen_Fitbest[5]=0.41071428571428564
gen_Fitbest[6]=0.41071428571428564
gen_Fitbest[7]=0.41071428571428564
gen_Fitbest[8]=0.41071428571428564
gen_Fitbest[9]=0.41071428571428564
gen_Fitbest[10]=0.41071428571428564
gen_Fitbest[11]=0.41071428571428564
gen_Fitbest[12]=0.41071428571428564
gen_Fitbest[13]=0.41071428571428564
gen_Fitbest[14]=0.41071428571428564
gen_Fitbest[15]=0.41071428571428564
gen_Fitbest[16]=0.41071428571428564
gen_Fitbest[17]=0.41071428571428564
gen_Fitbest[18]=0.41071428571428564
gen_Fitbest[19]=0.41071428571428564
gen_Fitbest[20]=0.41071428571428564
gen_Fitbest[21]=0.41071428571428564
gen_Fitbest[22]=0.41071428571428564
gen_Fitbest[23]=0.41071428571428564
gen_Fitbest[24]=0.41071428571428564
gen_Fitbest[25]=0.41071428571428564
gen_Fitbest[26]=0.41071428571428564
gen_Fitbest[27]=0.41071428571428564
gen_Fitbest[28]=0.41071428571428564
gen_Fitbest[29]=0.41071428571428564
