gen_NMI[0]=0.6535846150129503
gen_NMI[1]=0.8238862649198493
gen_NMI[2]=0.8238862649198493
gen_NMI[3]=0.8238862649198493
gen_NMI[4]=0.8238862649198493
gen_NMI[5]=0.8238862649198493
gen_NMI[6]=0.8238862649198493
gen_NMI[7]=0.8238862649198493
gen_NMI[8]=0.8238862649198493
gen_NMI[9]=0.8238862649198493
gen_NMI[10]=0.8238862649198493
gen_NMI[11]=0.8238862649198493
gen_NMI[12]=0.8238862649198493
gen_NMI[13]=0.8238862649198493
gen_NMI[14]=0.8238862649198493
gen_NMI[15]=0.8238862649198493
gen_NMI[16]=0.8238862649198493
gen_NMI[17]=0.8238862649198493
gen_NMI[18]=0.8238862649198493
gen_NMI[19]=0.8238862649198493
gen_NMI[20]=0.8238862649198493
gen_NMI[21]=0.8238862649198493
gen_NMI[22]=0.8238862649198493
gen_NMI[23]=0.8238862649198493
gen_NMI[24]=0.8238862649198493
gen_NMI[25]=0.8238862649198493
gen_NMI[26]=0.8238862649198493
gen_NMI[27]=0.8238862649198493
gen_NMI[28]=0.8238862649198493
gen_NMI[29]=0.8238862649198493
gen_NMI[30]=0.8238862649198493
gen_NMI[31]=0.8238862649198493
gen_NMI[32]=0.8238862649198493
gen_NMI[33]=0.8238862649198493
gen_NMI[34]=0.8238862649198493
gen_NMI[35]=0.8238862649198493
gen_NMI[36]=0.8238862649198493
gen_NMI[37]=0.8238862649198493
gen_NMI[38]=0.8238862649198493
gen_NMI[39]=0.8238862649198493
gen_NMI[40]=0.8238862649198493
gen_NMI[41]=0.8238862649198493
gen_NMI[42]=0.8238862649198493
gen_NMI[43]=0.8238862649198493
gen_NMI[44]=0.8238862649198493
gen_NMI[45]=0.8238862649198493
gen_NMI[46]=0.8238862649198493
gen_NMI[47]=0.8238862649198493
gen_NMI[48]=0.8238862649198493
gen_NMI[49]=0.8238862649198493
gen_NMI[50]=0.8238862649198493
gen_NMI[51]=0.8238862649198493
gen_NMI[52]=0.8238862649198493
gen_NMI[53]=0.8238862649198493
gen_NMI[54]=0.8238862649198493
gen_NMI[55]=0.8238862649198493
gen_NMI[56]=0.8238862649198493
gen_NMI[57]=0.8238862649198493
gen_NMI[58]=0.8238862649198493
gen_NMI[59]=0.8238862649198493
