gen_NMI[0]=0.6535846150129504
gen_NMI[1]=0.8238862649198493
gen_NMI[2]=0.8238862649198493
gen_NMI[3]=0.8238862649198493
gen_NMI[4]=0.8238862649198493
gen_NMI[5]=0.8238862649198493
gen_NMI[6]=0.8238862649198493
gen_NMI[7]=0.8238862649198493
gen_NMI[8]=0.8238862649198493
gen_NMI[9]=0.8238862649198493
gen_NMI[10]=0.8238862649198493
gen_NMI[11]=0.8238862649198493
gen_NMI[12]=0.8238862649198493
gen_NMI[13]=0.8238862649198493
gen_NMI[14]=0.8238862649198493
gen_NMI[15]=0.8238862649198493
gen_NMI[16]=0.8238862649198493
gen_NMI[17]=0.8238862649198493
gen_NMI[18]=0.8238862649198493
gen_NMI[19]=0.8238862649198493
gen_NMI[20]=0.8238862649198493
gen_NMI[21]=0.8238862649198493
gen_NMI[22]=0.8238862649198493
gen_NMI[23]=0.8238862649198493
gen_NMI[24]=0.8238862649198493
gen_NMI[25]=0.8238862649198493
gen_NMI[26]=0.8238862649198493
gen_NMI[27]=0.8238862649198493
gen_NMI[28]=0.8238862649198493
gen_NMI[29]=0.8238862649198493
