run[0]=0.43961479652111973
run[0]=[1 1 1 1 1 2 2 2 2 0 0 0 0]
run[1]=0.43951296481009383
run[1]=[2 2 2 2 2 1 1 1 1 0 0 0 0]
run[2]=0.43901479313612396
run[2]=[0 0 0 0 2 2 2 2 2 1 1 1 1]
run[3]=0.4394620498706837
run[3]=[0 0 0 0 0 1 1 1 1 2 2 2 2]
run[4]=0.4392040019708029
run[4]=[1 1 1 1 1 0 0 0 0 2 2 2 2]
run[5]=0.4399417162252154
run[5]=[2 2 2 2 2 0 0 0 0 1 1 1 1]
run[6]=0.43922559251408605
run[6]=[1 1 1 1 0 0 0 0 0 2 2 2 2]
run[7]=0.4395439148326623
run[7]=[2 2 2 2 2 1 1 1 1 0 0 0 0]
run[8]=0.4397787468761807
run[8]=[0 0 0 0 1 1 1 1 1 2 2 2 2]
run[9]=0.438998340749049
run[9]=[1 1 1 1 1 0 0 0 0 2 2 2 2]
run[10]=0.439420552616554
run[10]=[1 1 1 1 1 2 2 2 2 0 0 0 0]
run[11]=0.43932030940089506
run[11]=[0 0 0 0 0 1 1 1 1 2 2 2 2]
run[12]=0.4393074536869402
run[12]=[2 2 2 2 2 0 0 0 0 1 1 1 1]
run[13]=0.438972591382832
run[13]=[1 1 1 1 1 2 2 2 2 0 0 0 0]
run[14]=0.43876360820030524
run[14]=[1 1 1 1 1 0 0 0 0 2 2 2 2]
run[15]=0.43941722657452786
run[15]=[0 0 0 0 0 1 1 1 1 2 2 2 2]
run[16]=0.4391243960158837
run[16]=[1 1 1 1 1 2 2 2 2 0 0 0 0]
run[17]=0.43900157199615913
run[17]=[1 1 1 1 1 0 0 0 0 2 2 2 2]
run[18]=0.43941343332681154
run[18]=[2 2 2 2 0 0 0 0 0 1 1 1 1]
run[19]=0.43957220053357704
run[19]=[0 0 0 0 0 1 1 1 1 2 2 2 2]
run[20]=0.43958341038339166
run[20]=[1 1 1 1 0 0 0 0 0 2 2 2 2]
run[21]=0.4394431527466986
run[21]=[2 2 2 2 2 1 1 1 1 0 0 0 0]
run[22]=0.4394354542482648
run[22]=[0 0 0 0 1 1 1 1 1 2 2 2 2]
run[23]=0.4394454125292893
run[23]=[1 1 1 1 1 2 2 2 2 0 0 0 0]
run[24]=0.43918014778930714
run[24]=[2 2 2 2 2 1 1 1 1 0 0 0 0]
run[25]=0.43919604658244854
run[25]=[2 2 2 2 2 1 1 1 1 0 0 0 0]
run[26]=0.4391307172658899
run[26]=[1 1 1 1 2 2 2 2 2 0 0 0 0]
run[27]=0.4393500601898519
run[27]=[2 2 2 2 2 1 1 1 1 0 0 0 0]
run[28]=0.43923686286595665
run[28]=[0 0 0 0 0 2 2 2 2 1 1 1 1]
run[29]=0.4397428911836065
run[29]=[1 1 1 1 1 2 2 2 2 0 0 0 0]
run[30]=0.43913832552768695
run[30]=[2 2 2 2 2 1 1 1 1 0 0 0 0]
run[31]=0.439293364773127
run[31]=[1 1 1 1 1 2 2 2 2 0 0 0 0]
run[32]=0.4394505173984637
run[32]=[2 2 2 2 2 0 0 0 0 1 1 1 1]
run[33]=0.4393271149223245
run[33]=[1 1 1 1 1 2 2 2 2 0 0 0 0]
run[34]=0.4391866763702956
run[34]=[2 2 2 2 2 0 0 0 0 1 1 1 1]
run[35]=0.4394923984820771
run[35]=[1 1 1 1 1 2 2 2 2 0 0 0 0]
run[36]=0.43926454681587696
run[36]=[1 1 1 1 0 0 0 0 0 2 2 2 2]
run[37]=0.43921725508892273
run[37]=[2 2 2 2 0 0 0 0 0 1 1 1 1]
run[38]=0.43937197789370575
run[38]=[2 2 2 2 2 0 0 0 0 1 1 1 1]
run[39]=0.43917713537652353
run[39]=[2 2 2 2 2 1 1 1 1 0 0 0 0]
