run[0]=0.4846938775510204
run[0]=[2 2 2 2 2 1 1 1 0 0 0 0 0]
run[1]=0.4846938775510204
run[1]=[1 1 1 1 2 2 2 2 0 0 0 0 0]
run[2]=0.4846938775510204
run[2]=[2 2 2 2 2 1 1 1 0 0 0 0 0]
run[3]=0.4846938775510204
run[3]=[0 0 0 0 0 2 2 2 2 1 1 1 1]
run[4]=0.4846938775510204
run[4]=[2 2 2 2 2 1 1 1 1 0 0 0 0]
run[5]=0.4846938775510204
run[5]=[1 1 1 1 1 0 0 0 2 2 2 2 2]
run[6]=0.4846938775510204
run[6]=[2 2 2 2 1 1 1 1 0 0 0 0 0]
run[7]=0.4846938775510204
run[7]=[0 0 0 0 0 1 1 1 2 2 2 2 2]
run[8]=0.4846938775510204
run[8]=[1 1 1 1 0 0 0 0 0 2 2 2 2]
run[9]=0.4846938775510204
run[9]=[2 2 2 2 2 0 0 0 0 1 1 1 1]
run[10]=0.4846938775510204
run[10]=[2 2 2 2 1 1 1 1 1 0 0 0 0]
run[11]=0.4846938775510204
run[11]=[0 0 0 0 0 2 2 2 1 1 1 1 1]
run[12]=0.4846938775510204
run[12]=[2 2 2 2 1 1 1 1 0 0 0 0 0]
run[13]=0.4846938775510204
run[13]=[0 0 0 0 0 1 1 1 2 2 2 2 2]
run[14]=0.4846938775510204
run[14]=[0 0 0 0 2 2 2 2 1 1 1 1 1]
run[15]=0.4846938775510204
run[15]=[0 0 0 0 0 2 2 2 1 1 1 1 1]
run[16]=0.4846938775510204
run[16]=[1 1 1 1 0 0 0 0 2 2 2 2 2]
run[17]=0.4846938775510204
run[17]=[1 1 1 1 1 2 2 2 2 0 0 0 0]
run[18]=0.4846938775510204
run[18]=[1 1 1 1 2 2 2 2 0 0 0 0 0]
run[19]=0.4846938775510204
run[19]=[1 1 1 1 2 2 2 2 0 0 0 0 0]
run[20]=0.4846938775510204
run[20]=[0 0 0 0 0 2 2 2 1 1 1 1 1]
run[21]=0.4846938775510204
run[21]=[2 2 2 2 2 1 1 1 1 0 0 0 0]
run[22]=0.4846938775510204
run[22]=[1 1 1 1 2 2 2 2 2 0 0 0 0]
run[23]=0.4846938775510204
run[23]=[2 2 2 2 2 0 0 0 1 1 1 1 1]
run[24]=0.4846938775510204
run[24]=[0 0 0 0 0 1 1 1 2 2 2 2 2]
run[25]=0.4846938775510204
run[25]=[2 2 2 2 2 1 1 1 1 0 0 0 0]
run[26]=0.4846938775510204
run[26]=[2 2 2 2 2 1 1 1 1 0 0 0 0]
run[27]=0.4846938775510204
run[27]=[0 0 0 0 2 2 2 2 2 1 1 1 1]
run[28]=0.4846938775510204
run[28]=[2 2 2 2 1 1 1 1 1 0 0 0 0]
run[29]=0.4846938775510204
run[29]=[0 0 0 0 1 1 1 1 1 2 2 2 2]
run[30]=0.4846938775510204
run[30]=[0 0 0 0 0 2 2 2 1 1 1 1 1]
run[31]=0.4846938775510204
run[31]=[2 2 2 2 1 1 1 1 0 0 0 0 0]
run[32]=0.4846938775510204
run[32]=[0 0 0 0 2 2 2 2 1 1 1 1 1]
run[33]=0.4846938775510204
run[33]=[1 1 1 1 1 0 0 0 0 2 2 2 2]
run[34]=0.4846938775510204
run[34]=[2 2 2 2 2 1 1 1 1 0 0 0 0]
run[35]=0.4846938775510204
run[35]=[1 1 1 1 2 2 2 2 2 0 0 0 0]
run[36]=0.4846938775510204
run[36]=[1 1 1 1 2 2 2 2 0 0 0 0 0]
run[37]=0.4846938775510204
run[37]=[0 0 0 0 0 1 1 1 1 2 2 2 2]
run[38]=0.4846938775510204
run[38]=[1 1 1 1 2 2 2 2 2 0 0 0 0]
run[39]=0.4846938775510204
run[39]=[0 0 0 0 1 1 1 1 2 2 2 2 2]
