iter[0]=0.43866282353731995
iter[1]=0.43900130286922034
iter[2]=0.43964282039890323
iter[3]=0.4390853254886485
iter[4]=0.43963539193149154
iter[5]=0.4393929669228918
iter[6]=0.4387207249910875
iter[7]=0.43926193411936204
iter[8]=0.4382396681489198
iter[9]=0.4394765186806113
iter[10]=0.43908879456986094
iter[11]=0.439098039717141
iter[12]=0.43884458988651465
iter[13]=0.43865331260949714
iter[14]=0.4391235656245144
iter[15]=0.43909085636464296
iter[16]=0.43921637843048256
iter[17]=0.4393170813960203
iter[18]=0.4394095149848416
iter[19]=0.43867263333147544
iter[20]=0.4393496287244302
iter[21]=0.4392257321026433
iter[22]=0.4392519060347314
iter[23]=0.43900258912180484
iter[24]=0.4390646311840347
iter[25]=0.4389921301810454
iter[26]=0.438216444306411
iter[27]=0.43952013489490893
iter[28]=0.43894001921634945
iter[29]=0.4384370588079974
iter[30]=0.43928140509667263
iter[31]=0.43939512665682945
iter[32]=0.4385987841153456
iter[33]=0.4386802367212043
iter[34]=0.43940334996758895
iter[35]=0.43864234812647185
iter[36]=0.43896336289075866
iter[37]=0.439261458397452
iter[38]=0.4390633402766301
iter[39]=0.43939736884726704
