iter[0]=0.4387781562573744
iter[1]=0.4393949656450834
iter[2]=0.4389441831002622
iter[3]=0.439125308160406
iter[4]=0.4384965594842832
iter[5]=0.438887164959505
iter[6]=0.43909140618389075
iter[7]=0.4392919895701862
iter[8]=0.43914877605840014
iter[9]=0.4397229981238776
iter[10]=0.4390959190724627
iter[11]=0.43962337689249836
iter[12]=0.43947648868211137
iter[13]=0.4389015568547159
iter[14]=0.4396674236567157
iter[15]=0.439396550430404
iter[16]=0.43971193442967954
iter[17]=0.43931247420677333
iter[18]=0.4393532743550206
iter[19]=0.43869646804885465
iter[20]=0.4397895437244682
iter[21]=0.438984899129503
iter[22]=0.43950220312448257
iter[23]=0.43925143133226624
iter[24]=0.4394950906021284
iter[25]=0.43906560150721946
iter[26]=0.4392414461186421
iter[27]=0.43950742527596715
iter[28]=0.4394236172573453
iter[29]=0.4393970739382228
iter[30]=0.43978483312275696
iter[31]=0.43911846013405675
iter[32]=0.43940795849372516
iter[33]=0.43893378275781325
iter[34]=0.4392856675724857
iter[35]=0.43717018594186413
iter[36]=0.4391305741266531
iter[37]=0.43898159571242246
iter[38]=0.4391685168192056
iter[39]=0.43942366465696975
