run[0]=0.41354065704479775
run[0]=[2 2 2 2 2 1 1 1 1 0 0 0 0]
run[1]=0.4135216241472327
run[1]=[0 0 0 0 0 1 1 1 1 2 2 2 2]
run[2]=0.41352754709269407
run[2]=[2 2 2 2 2 1 1 1 1 0 0 0 0]
run[3]=0.41352001424325957
run[3]=[0 0 0 0 0 1 1 1 1 2 2 2 2]
run[4]=0.4135230257758093
run[4]=[2 2 2 2 2 0 0 0 0 1 1 1 1]
run[5]=0.41324622553157425
run[5]=[0 0 0 0 0 1 1 1 1 2 2 2 2]
run[6]=0.4135322152151914
run[6]=[0 0 0 0 0 1 1 1 1 2 2 2 2]
run[7]=0.41353955649452406
run[7]=[0 0 0 0 0 2 2 2 2 1 1 1 1]
run[8]=0.41353100181186303
run[8]=[0 0 0 0 0 1 1 1 1 2 2 2 2]
run[9]=0.41354177906307027
run[9]=[1 1 1 1 1 2 2 2 2 0 0 0 0]
run[10]=0.4132484462116886
run[10]=[1 1 1 1 1 0 0 0 0 2 2 2 2]
run[11]=0.41325221067709145
run[11]=[0 0 0 0 0 1 1 1 1 2 2 2 2]
run[12]=0.41353910912814884
run[12]=[1 1 1 1 1 0 0 0 0 2 2 2 2]
run[13]=0.4135299451045723
run[13]=[1 1 1 1 1 0 0 0 0 2 2 2 2]
run[14]=0.4135327149666213
run[14]=[0 0 0 0 0 2 2 2 2 1 1 1 1]
run[15]=0.4132376914112358
run[15]=[1 1 1 1 1 0 0 0 0 2 2 2 2]
run[16]=0.41354190255138545
run[16]=[1 1 1 1 1 2 2 2 2 0 0 0 0]
run[17]=0.41325094578972416
run[17]=[0 0 0 0 0 2 2 2 2 1 1 1 1]
run[18]=0.4135328838626772
run[18]=[0 0 0 0 0 2 2 2 2 1 1 1 1]
run[19]=0.41350582554610804
run[19]=[0 0 0 0 0 1 1 1 1 2 2 2 2]
run[20]=0.413525078954221
run[20]=[1 1 1 1 1 2 2 2 2 0 0 0 0]
run[21]=0.4135439374871942
run[21]=[0 0 0 0 0 2 2 2 2 1 1 1 1]
run[22]=0.41352615184364777
run[22]=[2 2 2 2 2 1 1 1 1 0 0 0 0]
run[23]=0.4132477442181604
run[23]=[1 1 1 1 1 2 2 2 2 0 0 0 0]
run[24]=0.41353052958040687
run[24]=[2 2 2 2 2 0 0 0 0 1 1 1 1]
run[25]=0.4135339791752564
run[25]=[0 0 0 0 0 2 2 2 2 1 1 1 1]
run[26]=0.4135254235164652
run[26]=[2 2 2 2 2 1 1 1 1 0 0 0 0]
run[27]=0.41352695814359136
run[27]=[2 2 2 2 2 1 1 1 1 0 0 0 0]
run[28]=0.41325652005276625
run[28]=[1 1 1 1 1 0 0 0 0 2 2 2 2]
run[29]=0.41327545027747364
run[29]=[2 2 2 2 2 0 0 0 0 1 1 1 1]
run[30]=0.4135315213579504
run[30]=[0 0 0 0 0 2 2 2 2 1 1 1 1]
run[31]=0.4135250302979391
run[31]=[0 0 0 0 0 1 1 1 1 2 2 2 2]
run[32]=0.4135269586845701
run[32]=[0 0 0 0 0 1 1 1 1 2 2 2 2]
run[33]=0.4135326323307581
run[33]=[1 1 1 1 1 2 2 2 2 0 0 0 0]
run[34]=0.4135156752980406
run[34]=[2 2 2 2 2 1 1 1 1 0 0 0 0]
run[35]=0.4135306675271023
run[35]=[2 2 2 2 2 1 1 1 1 0 0 0 0]
run[36]=0.41323034255503677
run[36]=[0 0 0 0 0 2 2 2 2 1 1 1 1]
run[37]=0.4135295701431427
run[37]=[2 2 2 2 2 0 0 0 0 1 1 1 1]
run[38]=0.41353680711224694
run[38]=[1 1 1 1 1 0 0 0 0 2 2 2 2]
run[39]=0.4135397431971493
run[39]=[2 2 2 2 2 1 1 1 1 0 0 0 0]
