run[0]=0.7117323789485918
run[0]=[1 1 1 1 1 2 2 2 2 0 0 0 0]
run[1]=0.711732378948592
run[1]=[0 0 0 0 0 2 2 2 2 1 1 1 1]
run[2]=0.7117323789485922
run[2]=[0 0 0 0 0 2 2 2 2 1 1 1 1]
run[3]=0.7117323789485912
run[3]=[0 0 0 0 0 1 1 1 1 2 2 2 2]
run[4]=0.7117323789485915
run[4]=[0 0 0 0 0 2 2 2 2 1 1 1 1]
run[5]=0.7117323789485911
run[5]=[1 1 1 1 1 0 0 0 0 2 2 2 2]
run[6]=0.711732378948591
run[6]=[1 1 1 1 1 0 0 0 0 2 2 2 2]
run[7]=0.7117323789485924
run[7]=[2 2 2 2 2 0 0 0 0 1 1 1 1]
run[8]=0.7117323789485906
run[8]=[1 1 1 1 1 0 0 0 0 2 2 2 2]
run[9]=0.7117323789485912
run[9]=[0 0 0 0 0 1 1 1 1 2 2 2 2]
run[10]=0.6947153121602477
run[10]=[0 0 0 0 0 1 1 1 1 1 1 1 1]
run[11]=0.7117323789485915
run[11]=[1 1 1 1 1 2 2 2 2 0 0 0 0]
run[12]=0.7117323789485919
run[12]=[0 0 0 0 0 2 2 2 2 1 1 1 1]
run[13]=0.7117323789485909
run[13]=[1 1 1 1 1 0 0 0 0 2 2 2 2]
run[14]=0.7117323789485928
run[14]=[2 2 2 2 2 0 0 0 0 1 1 1 1]
run[15]=0.7117323789485913
run[15]=[0 0 0 0 0 1 1 1 1 2 2 2 2]
run[16]=0.7117323789485912
run[16]=[0 0 0 0 0 2 2 2 2 1 1 1 1]
run[17]=0.6947153121602476
run[17]=[1 1 1 1 1 2 2 2 2 2 2 2 2]
run[18]=0.711719352318043
run[18]=[0 0 0 0 0 2 2 2 2 1 1 1 1]
run[19]=0.694715312160248
run[19]=[1 1 1 1 1 2 2 2 2 2 2 2 2]
run[20]=0.711732378948592
run[20]=[0 0 0 0 0 2 2 2 2 1 1 1 1]
run[21]=0.7117323789485911
run[21]=[0 0 0 0 0 1 1 1 1 2 2 2 2]
run[22]=0.7117323789485924
run[22]=[2 2 2 2 2 0 0 0 0 1 1 1 1]
run[23]=0.7117323789485912
run[23]=[0 0 0 0 0 1 1 1 1 2 2 2 2]
run[24]=0.7117323789485905
run[24]=[1 1 1 1 1 0 0 0 0 2 2 2 2]
run[25]=0.7117323789485905
run[25]=[0 0 0 0 0 1 1 1 1 2 2 2 2]
run[26]=0.6947153121602464
run[26]=[1 1 1 1 1 0 0 0 0 0 0 0 0]
run[27]=0.7117323789485926
run[27]=[2 2 2 2 2 0 0 0 0 1 1 1 1]
run[28]=0.7117323789485926
run[28]=[2 2 2 2 2 1 1 1 1 0 0 0 0]
run[29]=0.7117323789485913
run[29]=[0 0 0 0 0 1 1 1 1 2 2 2 2]
run[30]=0.6947153121602468
run[30]=[1 1 1 1 1 0 0 0 0 0 0 0 0]
run[31]=0.7117323789485926
run[31]=[2 2 2 2 2 0 0 0 0 1 1 1 1]
run[32]=0.6947153121602466
run[32]=[2 2 2 2 2 0 0 0 0 0 0 0 0]
run[33]=0.7117323789485922
run[33]=[2 2 2 2 2 1 1 1 1 0 0 0 0]
run[34]=0.7117323789485915
run[34]=[1 1 1 1 1 2 2 2 2 0 0 0 0]
run[35]=0.711732378948591
run[35]=[1 1 1 1 1 0 0 0 0 2 2 2 2]
run[36]=0.7117323789485909
run[36]=[1 1 1 1 1 0 0 0 0 2 2 2 2]
run[37]=0.7117323789485923
run[37]=[2 2 2 2 2 0 0 0 0 1 1 1 1]
run[38]=0.6947153121602466
run[38]=[1 1 1 1 1 0 0 0 0 0 0 0 0]
run[39]=0.7117323789485914
run[39]=[0 0 0 0 0 1 1 1 1 2 2 2 2]
