run[0]=0.4846938775510204
run[0]=[2 2 2 2 2 1 1 1 0 0 0 0 0]
run[1]=0.4846938775510204
run[1]=[1 1 1 1 2 2 2 2 0 0 0 0 0]
run[2]=0.4846938775510204
run[2]=[1 1 1 1 0 0 0 0 0 2 2 2 2]
run[3]=0.4846938775510204
run[3]=[2 2 2 2 0 0 0 0 1 1 1 1 1]
run[4]=0.4846938775510204
run[4]=[1 1 1 1 0 0 0 0 0 2 2 2 2]
run[5]=0.4846938775510204
run[5]=[2 2 2 2 2 1 1 1 0 0 0 0 0]
run[6]=0.4846938775510204
run[6]=[2 2 2 2 0 0 0 0 0 1 1 1 1]
run[7]=0.4846938775510204
run[7]=[2 2 2 2 1 1 1 1 1 0 0 0 0]
run[8]=0.4846938775510204
run[8]=[0 0 0 0 2 2 2 2 2 1 1 1 1]
run[9]=0.4846938775510204
run[9]=[1 1 1 1 1 0 0 0 2 2 2 2 2]
run[10]=0.4846938775510204
run[10]=[2 2 2 2 2 1 1 1 1 0 0 0 0]
run[11]=0.4846938775510204
run[11]=[1 1 1 1 0 0 0 0 0 2 2 2 2]
run[12]=0.4846938775510204
run[12]=[1 1 1 1 1 0 0 0 2 2 2 2 2]
run[13]=0.4846938775510204
run[13]=[1 1 1 1 2 2 2 2 2 0 0 0 0]
run[14]=0.4846938775510204
run[14]=[1 1 1 1 0 0 0 0 2 2 2 2 2]
run[15]=0.4846938775510204
run[15]=[1 1 1 1 1 2 2 2 0 0 0 0 0]
run[16]=0.4846938775510204
run[16]=[1 1 1 1 0 0 0 0 2 2 2 2 2]
run[17]=0.4846938775510204
run[17]=[0 0 0 0 0 2 2 2 2 1 1 1 1]
run[18]=0.4846938775510204
run[18]=[1 1 1 1 2 2 2 2 0 0 0 0 0]
run[19]=0.4846938775510204
run[19]=[2 2 2 2 2 1 1 1 1 0 0 0 0]
run[20]=0.4846938775510204
run[20]=[0 0 0 0 2 2 2 2 2 1 1 1 1]
run[21]=0.4846938775510204
run[21]=[2 2 2 2 2 0 0 0 1 1 1 1 1]
run[22]=0.4846938775510204
run[22]=[0 0 0 0 0 1 1 1 2 2 2 2 2]
run[23]=0.4846938775510204
run[23]=[2 2 2 2 2 1 1 1 1 0 0 0 0]
run[24]=0.4846938775510204
run[24]=[1 1 1 1 1 2 2 2 0 0 0 0 0]
run[25]=0.4846938775510204
run[25]=[1 1 1 1 2 2 2 2 0 0 0 0 0]
run[26]=0.4846938775510204
run[26]=[1 1 1 1 2 2 2 2 2 0 0 0 0]
run[27]=0.4846938775510204
run[27]=[2 2 2 2 0 0 0 0 0 1 1 1 1]
run[28]=0.4846938775510204
run[28]=[0 0 0 0 0 2 2 2 1 1 1 1 1]
run[29]=0.4846938775510204
run[29]=[1 1 1 1 2 2 2 2 2 0 0 0 0]
run[30]=0.4846938775510204
run[30]=[2 2 2 2 2 0 0 0 0 1 1 1 1]
run[31]=0.4846938775510204
run[31]=[2 2 2 2 2 0 0 0 0 1 1 1 1]
run[32]=0.4846938775510204
run[32]=[1 1 1 1 2 2 2 2 0 0 0 0 0]
run[33]=0.4846938775510204
run[33]=[2 2 2 2 0 0 0 0 1 1 1 1 1]
run[34]=0.4846938775510204
run[34]=[2 2 2 2 1 1 1 1 1 0 0 0 0]
run[35]=0.4846938775510204
run[35]=[0 0 0 0 1 1 1 1 1 2 2 2 2]
run[36]=0.4846938775510204
run[36]=[0 0 0 0 2 2 2 2 1 1 1 1 1]
run[37]=0.4846938775510204
run[37]=[1 1 1 1 1 2 2 2 2 0 0 0 0]
run[38]=0.4846938775510204
run[38]=[2 2 2 2 1 1 1 1 1 0 0 0 0]
run[39]=0.4846938775510204
run[39]=[0 0 0 0 0 2 2 2 1 1 1 1 1]
run[40]=0.4846938775510204
run[40]=[2 2 2 2 0 0 0 0 0 1 1 1 1]
run[41]=0.4846938775510204
run[41]=[0 0 0 0 0 1 1 1 2 2 2 2 2]
run[42]=0.4846938775510204
run[42]=[1 1 1 1 1 2 2 2 2 0 0 0 0]
run[43]=0.4846938775510204
run[43]=[2 2 2 2 2 1 1 1 0 0 0 0 0]
run[44]=0.4846938775510204
run[44]=[0 0 0 0 0 1 1 1 1 2 2 2 2]
run[45]=0.4846938775510204
run[45]=[0 0 0 0 0 1 1 1 2 2 2 2 2]
run[46]=0.4846938775510204
run[46]=[1 1 1 1 2 2 2 2 2 0 0 0 0]
run[47]=0.4846938775510204
run[47]=[1 1 1 1 0 0 0 0 2 2 2 2 2]
run[48]=0.4846938775510204
run[48]=[2 2 2 2 2 0 0 0 1 1 1 1 1]
