run[0]=0.7117323789485918
run[0]=[1 1 1 1 1 2 2 2 2 0 0 0 0]
run[1]=0.6947153121602477
run[1]=[1 1 1 1 1 2 2 2 2 2 2 2 2]
run[2]=0.7117323789485929
run[2]=[2 2 2 2 2 0 0 0 0 1 1 1 1]
run[3]=0.7117323789485909
run[3]=[1 1 1 1 1 0 0 0 0 2 2 2 2]
run[4]=0.711732378948593
run[4]=[2 2 2 2 2 0 0 0 0 1 1 1 1]
run[5]=0.711732378948591
run[5]=[1 1 1 1 1 0 0 0 0 2 2 2 2]
run[6]=0.7117323789485928
run[6]=[2 2 2 2 2 0 0 0 0 1 1 1 1]
run[7]=0.7117323789485919
run[7]=[2 2 2 2 2 1 1 1 1 0 0 0 0]
run[8]=0.694715312160248
run[8]=[1 1 1 1 1 2 2 2 2 2 2 2 2]
run[9]=0.7117323789485915
run[9]=[1 1 1 1 1 2 2 2 2 0 0 0 0]
run[10]=0.6947153121602464
run[10]=[1 1 1 1 1 0 0 0 0 0 0 0 0]
run[11]=0.7117323789485924
run[11]=[2 2 2 2 2 1 1 1 1 0 0 0 0]
run[12]=0.6947153121602465
run[12]=[2 2 2 2 2 1 1 1 1 1 1 1 1]
run[13]=0.7117323789485924
run[13]=[2 2 2 2 2 0 0 0 0 1 1 1 1]
run[14]=0.6947153121602466
run[14]=[2 2 2 2 2 1 1 1 1 1 1 1 1]
run[15]=0.6947153121602467
run[15]=[2 2 2 2 2 0 0 0 0 0 0 0 0]
run[16]=0.711732378948593
run[16]=[2 2 2 2 2 0 0 0 0 1 1 1 1]
run[17]=0.7117323789485913
run[17]=[0 0 0 0 0 1 1 1 1 2 2 2 2]
run[18]=0.7117323789485913
run[18]=[0 0 0 0 0 1 1 1 1 2 2 2 2]
run[19]=0.6947153121602465
run[19]=[2 2 2 2 2 0 0 0 0 0 0 0 0]
run[20]=0.7117323789485918
run[20]=[1 1 1 1 1 2 2 2 2 0 0 0 0]
run[21]=0.7117323789485918
run[21]=[1 1 1 1 1 2 2 2 2 0 0 0 0]
run[22]=0.7117323789485915
run[22]=[1 1 1 1 1 2 2 2 2 0 0 0 0]
run[23]=0.7117323789485922
run[23]=[0 0 0 0 0 2 2 2 2 1 1 1 1]
run[24]=0.6947153121602465
run[24]=[2 2 2 2 2 0 0 0 0 0 0 0 0]
run[25]=0.7117323789485919
run[25]=[0 0 0 0 0 2 2 2 2 1 1 1 1]
run[26]=0.6947153121602476
run[26]=[1 1 1 1 1 2 2 2 2 2 2 2 2]
run[27]=0.711732378948592
run[27]=[0 0 0 0 0 2 2 2 2 1 1 1 1]
run[28]=0.7117323789485913
run[28]=[0 0 0 0 0 1 1 1 1 2 2 2 2]
run[29]=0.7117323789485911
run[29]=[1 1 1 1 1 0 0 0 0 2 2 2 2]
run[30]=0.7117323789485926
run[30]=[2 2 2 2 2 0 0 0 0 1 1 1 1]
run[31]=0.7117323789485923
run[31]=[2 2 2 2 2 1 1 1 1 0 0 0 0]
run[32]=0.7117323789485922
run[32]=[0 0 0 0 0 2 2 2 2 1 1 1 1]
run[33]=0.7117323789485906
run[33]=[1 1 1 1 1 0 0 0 0 2 2 2 2]
run[34]=0.7117323789485919
run[34]=[1 1 1 1 1 2 2 2 2 0 0 0 0]
run[35]=0.711732378948591
run[35]=[1 1 1 1 1 0 0 0 0 2 2 2 2]
run[36]=0.6947153121602477
run[36]=[0 0 0 0 0 1 1 1 1 1 1 1 1]
run[37]=0.7117323789485911
run[37]=[1 1 1 1 1 0 0 0 0 2 2 2 2]
run[38]=0.711732378948592
run[38]=[0 0 0 0 0 2 2 2 2 1 1 1 1]
run[39]=0.7117323789485929
run[39]=[2 2 2 2 2 0 0 0 0 1 1 1 1]
