run[0]=0.41324627430298444
run[0]=[2 2 2 2 2 1 1 1 1 0 0 0 0]
run[1]=0.4135379032971298
run[1]=[0 0 0 0 0 1 1 1 1 2 2 2 2]
run[2]=0.41351872723165356
run[2]=[2 2 2 2 2 1 1 1 1 0 0 0 0]
run[3]=0.4135428254114407
run[3]=[2 2 2 2 2 0 0 0 0 1 1 1 1]
run[4]=0.4135267596774531
run[4]=[2 2 2 2 2 1 1 1 1 0 0 0 0]
run[5]=0.4135335255506309
run[5]=[0 0 0 0 0 1 1 1 1 2 2 2 2]
run[6]=0.4135106943612734
run[6]=[0 0 0 0 0 2 2 2 2 1 1 1 1]
run[7]=0.41353179442421073
run[7]=[2 2 2 2 2 1 1 1 1 0 0 0 0]
run[8]=0.4135264290929193
run[8]=[2 2 2 2 2 0 0 0 0 1 1 1 1]
run[9]=0.4135171603757941
run[9]=[0 0 0 0 0 2 2 2 2 1 1 1 1]
run[10]=0.4135199856412372
run[10]=[1 1 1 1 1 0 0 0 0 2 2 2 2]
run[11]=0.41325020091352493
run[11]=[1 1 1 1 1 0 0 0 0 2 2 2 2]
run[12]=0.41352452470712564
run[12]=[0 0 0 0 0 1 1 1 1 2 2 2 2]
run[13]=0.41352678542523924
run[13]=[1 1 1 1 1 0 0 0 0 2 2 2 2]
run[14]=0.4135431332342692
run[14]=[0 0 0 0 0 1 1 1 1 2 2 2 2]
run[15]=0.4135186891230934
run[15]=[0 0 0 0 0 1 1 1 1 2 2 2 2]
run[16]=0.41351771015253924
run[16]=[2 2 2 2 2 1 1 1 1 0 0 0 0]
run[17]=0.4135421558499747
run[17]=[2 2 2 2 2 0 0 0 0 1 1 1 1]
run[18]=0.413538575698882
run[18]=[0 0 0 0 0 1 1 1 1 2 2 2 2]
run[19]=0.41352798935740515
run[19]=[1 1 1 1 1 0 0 0 0 2 2 2 2]
run[20]=0.41353306984896304
run[20]=[2 2 2 2 2 1 1 1 1 0 0 0 0]
run[21]=0.4135296829053644
run[21]=[2 2 2 2 2 1 1 1 1 0 0 0 0]
run[22]=0.41352827347362303
run[22]=[0 0 0 0 0 2 2 2 2 1 1 1 1]
run[23]=0.4135320616659701
run[23]=[0 0 0 0 0 1 1 1 1 2 2 2 2]
run[24]=0.413526565305326
run[24]=[0 0 0 0 0 1 1 1 1 2 2 2 2]
run[25]=0.4135259798497598
run[25]=[1 1 1 1 1 0 0 0 0 2 2 2 2]
run[26]=0.4135237738109062
run[26]=[1 1 1 1 1 0 0 0 0 2 2 2 2]
run[27]=0.4135240220949096
run[27]=[1 1 1 1 1 2 2 2 2 0 0 0 0]
run[28]=0.41353351909843056
run[28]=[2 2 2 2 2 1 1 1 1 0 0 0 0]
run[29]=0.4132695008737188
run[29]=[0 0 0 0 0 1 1 1 1 2 2 2 2]
run[30]=0.41352046739259135
run[30]=[0 0 0 0 0 2 2 2 2 1 1 1 1]
run[31]=0.413530611605764
run[31]=[0 0 0 0 0 2 2 2 2 1 1 1 1]
run[32]=0.4135267030779965
run[32]=[1 1 1 1 1 2 2 2 2 0 0 0 0]
run[33]=0.4135333149849778
run[33]=[0 0 0 0 0 1 1 1 1 2 2 2 2]
run[34]=0.4135298182850579
run[34]=[1 1 1 1 1 2 2 2 2 0 0 0 0]
run[35]=0.41352710503177265
run[35]=[1 1 1 1 1 0 0 0 0 2 2 2 2]
run[36]=0.413528554810448
run[36]=[0 0 0 0 0 2 2 2 2 1 1 1 1]
run[37]=0.4135282666423432
run[37]=[2 2 2 2 2 0 0 0 0 1 1 1 1]
run[38]=0.41354219431228295
run[38]=[0 0 0 0 0 1 1 1 1 2 2 2 2]
run[39]=0.41352633340378825
run[39]=[1 1 1 1 1 0 0 0 0 2 2 2 2]
