run[0]=0.41352201529397276
run[0]=[0 0 0 0 0 2 2 2 2 1 1 1 1]
run[1]=0.413535700795926
run[1]=[1 1 1 1 1 0 0 0 0 2 2 2 2]
run[2]=0.3341700242705077
run[2]=[0 0 0 0 0 1 1 1 1 1 1 1 1]
run[3]=0.4135441503894913
run[3]=[0 0 0 0 0 1 1 1 1 2 2 2 2]
run[4]=0.4135338979185417
run[4]=[0 0 0 0 0 2 2 2 2 1 1 1 1]
run[5]=0.4135287997477798
run[5]=[1 1 1 1 1 0 0 0 0 2 2 2 2]
run[6]=0.41352255075783334
run[6]=[1 1 1 1 1 0 0 0 0 2 2 2 2]
run[7]=0.41352325624041886
run[7]=[1 1 1 1 1 0 0 0 0 2 2 2 2]
run[8]=0.41352058021610416
run[8]=[2 2 2 2 2 1 1 1 1 0 0 0 0]
run[9]=0.4132385789088978
run[9]=[0 0 0 0 0 1 1 1 1 2 2 2 2]
run[10]=0.41353100547387645
run[10]=[0 0 0 0 0 2 2 2 2 1 1 1 1]
run[11]=0.33417150135064727
run[11]=[0 0 0 0 0 1 1 1 1 1 1 1 1]
run[12]=0.4135255811003713
run[12]=[2 2 2 2 2 0 0 0 0 1 1 1 1]
run[13]=0.4135219296067936
run[13]=[2 2 2 2 2 0 0 0 0 1 1 1 1]
run[14]=0.3341727723825586
run[14]=[1 1 1 1 1 2 2 2 2 2 2 2 2]
run[15]=0.41347336549988245
run[15]=[2 2 2 2 2 1 1 1 1 0 0 0 0]
run[16]=0.4135301132913371
run[16]=[2 2 2 2 2 0 0 0 0 1 1 1 1]
run[17]=0.41353104346363184
run[17]=[0 0 0 0 0 2 2 2 2 1 1 1 1]
run[18]=0.41353705259341833
run[18]=[0 0 0 0 0 1 1 1 1 2 2 2 2]
run[19]=0.41352856789937037
run[19]=[2 2 2 2 2 0 0 0 0 1 1 1 1]
run[20]=0.2754967744599253
run[20]=[0 0 0 0 1 1 1 1 1 0 0 0 0]
run[21]=0.4133101351632721
run[21]=[2 2 2 2 2 1 1 1 1 0 0 0 0]
run[22]=0.4135306338487079
run[22]=[0 0 0 0 0 1 1 1 1 2 2 2 2]
run[23]=0.4132782900758016
run[23]=[1 1 1 1 1 2 2 2 2 0 0 0 0]
run[24]=0.3341674471932035
run[24]=[0 0 0 0 0 1 1 1 1 1 1 1 1]
run[25]=0.33417451816207355
run[25]=[0 0 0 0 0 2 2 2 2 2 2 2 2]
run[26]=0.41343935302162216
run[26]=[0 0 0 0 0 1 1 1 1 2 2 2 2]
run[27]=0.3341690019457804
run[27]=[0 0 0 0 0 1 1 1 1 1 1 1 1]
run[28]=0.4135324427279269
run[28]=[1 1 1 1 1 0 0 0 0 2 2 2 2]
run[29]=0.4135133843852771
run[29]=[2 2 2 2 2 0 0 0 0 1 1 1 1]
run[30]=0.4135194821089398
run[30]=[1 1 1 1 1 2 2 2 2 0 0 0 0]
run[31]=0.33416354317716623
run[31]=[2 2 2 2 2 0 0 0 0 0 0 0 0]
run[32]=0.3341642672041583
run[32]=[1 1 1 1 1 0 0 0 0 0 0 0 0]
run[33]=0.41352471619591846
run[33]=[2 2 2 2 2 0 0 0 0 1 1 1 1]
run[34]=0.41354623795918366
run[34]=[0 0 0 0 0 2 2 2 2 1 1 1 1]
run[35]=0.2754958822787884
run[35]=[2 2 2 2 1 1 1 1 1 2 2 2 2]
run[36]=0.41354314803786096
run[36]=[1 1 1 1 1 2 2 2 2 0 0 0 0]
run[37]=0.4132374815382046
run[37]=[2 2 2 2 2 0 0 0 0 1 1 1 1]
run[38]=0.413524026917901
run[38]=[1 1 1 1 1 0 0 0 0 2 2 2 2]
run[39]=0.41352175378260386
run[39]=[2 2 2 2 2 1 1 1 1 0 0 0 0]
run[40]=0.3341717338963554
run[40]=[1 1 1 1 1 2 2 2 2 2 2 2 2]
run[41]=0.4134855456074871
run[41]=[1 1 1 1 1 2 2 2 2 0 0 0 0]
run[42]=0.41351777775450405
run[42]=[1 1 1 1 1 2 2 2 2 0 0 0 0]
run[43]=0.4135294130936758
run[43]=[1 1 1 1 1 2 2 2 2 0 0 0 0]
run[44]=0.41353773285350837
run[44]=[2 2 2 2 2 1 1 1 1 0 0 0 0]
run[45]=0.4135260460807926
run[45]=[2 2 2 2 2 0 0 0 0 1 1 1 1]
run[46]=0.4135238065058863
run[46]=[2 2 2 2 2 1 1 1 1 0 0 0 0]
run[47]=0.3341652372809295
run[47]=[1 1 1 1 1 0 0 0 0 0 0 0 0]
run[48]=0.4132525758032553
run[48]=[0 0 0 0 0 1 1 1 1 2 2 2 2]
