run[0]=0.2755002057590786
run[0]=[1 1 1 1 2 2 2 2 2 1 1 1 1]
run[1]=0.4135282323242936
run[1]=[0 0 0 0 0 1 1 1 1 2 2 2 2]
run[2]=0.4135177094296707
run[2]=[0 0 0 0 0 2 2 2 2 1 1 1 1]
run[3]=0.4135369005612194
run[3]=[1 1 1 1 1 0 0 0 0 2 2 2 2]
run[4]=0.4135347395540136
run[4]=[0 0 0 0 0 1 1 1 1 2 2 2 2]
run[5]=0.41351699722871166
run[5]=[2 2 2 2 2 1 1 1 1 0 0 0 0]
run[6]=0.41352081060662665
run[6]=[2 2 2 2 2 0 0 0 0 1 1 1 1]
run[7]=0.4135347369144554
run[7]=[1 1 1 1 1 2 2 2 2 0 0 0 0]
run[8]=0.27549072847993106
run[8]=[1 1 1 1 2 2 2 2 2 1 1 1 1]
run[9]=0.33416915714087353
run[9]=[1 1 1 1 1 0 0 0 0 0 0 0 0]
run[10]=0.3341630375770657
run[10]=[2 2 2 2 2 1 1 1 1 1 1 1 1]
run[11]=0.4135277192627312
run[11]=[2 2 2 2 2 0 0 0 0 1 1 1 1]
run[12]=0.41352919185287534
run[12]=[1 1 1 1 1 2 2 2 2 0 0 0 0]
run[13]=0.33416960551745206
run[13]=[0 0 0 0 0 2 2 2 2 2 2 2 2]
run[14]=0.41353736504775584
run[14]=[2 2 2 2 2 0 0 0 0 1 1 1 1]
run[15]=0.41353973369645836
run[15]=[2 2 2 2 2 0 0 0 0 1 1 1 1]
run[16]=0.41352530082629696
run[16]=[1 1 1 1 1 2 2 2 2 0 0 0 0]
run[17]=0.33416640004536846
run[17]=[0 0 0 0 0 1 1 1 1 1 1 1 1]
run[18]=0.413533964160838
run[18]=[1 1 1 1 1 0 0 0 0 2 2 2 2]
run[19]=0.41353294762173076
run[19]=[0 0 0 0 0 1 1 1 1 2 2 2 2]
run[20]=0.4135198275885021
run[20]=[1 1 1 1 1 2 2 2 2 0 0 0 0]
run[21]=0.27550328106452154
run[21]=[1 1 1 1 2 2 2 2 2 1 1 1 1]
run[22]=0.3341696122555313
run[22]=[2 2 2 2 2 0 0 0 0 0 0 0 0]
run[23]=0.41353012657502275
run[23]=[0 0 0 0 0 1 1 1 1 2 2 2 2]
run[24]=0.4135286944754822
run[24]=[1 1 1 1 1 0 0 0 0 2 2 2 2]
run[25]=0.3341732604382149
run[25]=[1 1 1 1 1 0 0 0 0 0 0 0 0]
run[26]=0.4135394582897782
run[26]=[0 0 0 0 0 1 1 1 1 2 2 2 2]
run[27]=0.3341696496119613
run[27]=[0 0 0 0 0 1 1 1 1 1 1 1 1]
run[28]=0.4135344990121569
run[28]=[0 0 0 0 0 2 2 2 2 1 1 1 1]
run[29]=0.4133223525820812
run[29]=[2 2 2 2 2 0 0 0 0 1 1 1 1]
run[30]=0.33416469905690177
run[30]=[1 1 1 1 1 2 2 2 2 2 2 2 2]
run[31]=0.41351939138042954
run[31]=[1 1 1 1 1 2 2 2 2 0 0 0 0]
run[32]=0.4135268428671742
run[32]=[2 2 2 2 2 1 1 1 1 0 0 0 0]
run[33]=0.27550021723148543
run[33]=[2 2 2 2 1 1 1 1 1 2 2 2 2]
run[34]=0.41353551513059034
run[34]=[1 1 1 1 1 2 2 2 2 0 0 0 0]
run[35]=0.4135297958851578
run[35]=[2 2 2 2 2 1 1 1 1 0 0 0 0]
run[36]=0.4135418490768849
run[36]=[1 1 1 1 1 0 0 0 0 2 2 2 2]
run[37]=0.41354114196360886
run[37]=[1 1 1 1 1 2 2 2 2 0 0 0 0]
run[38]=0.4135260699806564
run[38]=[1 1 1 1 1 2 2 2 2 0 0 0 0]
run[39]=0.3341673558708174
run[39]=[1 1 1 1 1 2 2 2 2 2 2 2 2]
