iter[0]=0.4004402246173994
iter[1]=0.40006374106695225
iter[2]=0.40690404309101413
iter[3]=0.3973620596616495
iter[5]=0.40251062739218707
iter[6]=0.3989511688703345
iter[7]=0.40053003561216205
iter[8]=0.39905235308728443
iter[9]=0.40023210865993236
iter[10]=0.37221776625620806
iter[11]=0.3726125243154866
iter[12]=0.40079656131072855
iter[13]=0.407102696850789
iter[14]=0.40489205700320025
iter[15]=0.4002578831321846
iter[16]=0.4070782760587895
iter[17]=0.40718979930480825
iter[18]=0.40710039041353835
iter[19]=0.3733442003396551
iter[20]=0.4004164475410719
iter[21]=0.3973827549037219
iter[22]=0.40763497333204923
iter[23]=0.38334953895634494
iter[24]=0.4074930274699019
iter[25]=0.4070765007049333
iter[26]=0.4003597820535222
iter[27]=0.3976010690759361
iter[28]=0.4073559549683716
iter[15]=0.4002197092356711
iter[16]=0.39625193293400335
iter[17]=0.40767251726915266
iter[18]=0.39657542503400117
iter[19]=0.40715527842662613
iter[20]=0.3897646787431765
iter[21]=0.40045852806278825
iter[22]=0.4006657426909904
iter[23]=0.4072409683016665
iter[24]=0.40014320298945094
iter[25]=0.3950788376238706
iter[26]=0.4080406302341882
