iter[0]=0.4076365842308914
iter[1]=0.382848835575181
iter[2]=0.40706108439470556
iter[3]=0.40323005836289605
iter[4]=0.38397929698522104
iter[5]=0.385102595243317
iter[6]=0.40747627214957804
iter[7]=0.39576371914624975
iter[8]=0.3847071469431072
iter[9]=0.40298026861018355
iter[10]=0.40629651263923666
iter[11]=0.34961411371396706
iter[12]=0.40339218500338503
iter[13]=0.38649131315609203
iter[14]=0.39459711838058076
iter[15]=0.4027373102946638
iter[16]=0.4029027910226724
iter[17]=0.40308234543638977
iter[18]=0.4002170133874562
iter[19]=0.4070308005631165
iter[20]=0.40713415501381417
iter[21]=0.3855287872316186
iter[22]=0.4024057024077039
iter[23]=0.40030694645794496
iter[24]=0.4026995333944401
iter[25]=0.40781990318068595
iter[26]=0.4024740706513773
iter[27]=0.40361583458769223
iter[28]=0.40259086472216077
iter[29]=0.4071757155859194
iter[30]=0.38458971748084064
iter[31]=0.38467389487529074
iter[32]=0.4024066142152741
iter[33]=0.3835502133434369
iter[34]=0.40248396450386464
iter[35]=0.40696796067395385
iter[36]=0.407670631150823
iter[37]=0.4026217599694771
iter[38]=0.3876569236507438
iter[39]=0.3993824947188509
