iter[0]=0.48384087791495123
iter[1]=0.48384087791495123
iter[2]=0.48384087791495123
iter[3]=0.48384087791495123
iter[4]=0.48384087791495123
iter[5]=0.48384087791495123
iter[6]=0.48384087791495123
iter[7]=0.48384087791495123
iter[8]=0.48384087791495123
iter[9]=0.48384087791495123
iter[10]=0.48384087791495123
iter[11]=0.48384087791495123
iter[12]=0.48384087791495123
iter[13]=0.48384087791495123
iter[14]=0.48384087791495123
iter[15]=0.48384087791495123
iter[0]=0.48384087791495123
iter[1]=0.48384087791495123
iter[2]=0.48384087791495123
iter[3]=0.48384087791495123
iter[4]=0.47231824417009555
iter[5]=0.48384087791495123
iter[6]=0.48384087791495123
iter[7]=0.48384087791495123
iter[8]=0.48384087791495123
iter[9]=0.48384087791495123
iter[10]=0.48384087791495123
iter[11]=0.48384087791495123
iter[12]=0.48384087791495123
iter[13]=0.48384087791495123
iter[14]=0.48384087791495123
iter[15]=0.48384087791495123
iter[16]=0.48384087791495123
iter[17]=0.48384087791495123
iter[18]=0.48384087791495123
iter[19]=0.48384087791495123
iter[20]=0.48384087791495123
iter[21]=0.48384087791495123
iter[22]=0.48384087791495123
iter[23]=0.48384087791495123
iter[24]=0.48384087791495123
iter[25]=0.48384087791495123
iter[26]=0.48384087791495123
iter[27]=0.48384087791495123
iter[28]=0.48384087791495123
iter[29]=0.48384087791495123
iter[30]=0.48384087791495123
iter[31]=0.48384087791495123
iter[32]=0.48384087791495123
iter[33]=0.48384087791495123
iter[34]=0.48384087791495123
iter[35]=0.48384087791495123
iter[36]=0.48384087791495123
iter[37]=0.48384087791495123
iter[38]=0.48384087791495123
iter[39]=0.48384087791495123
