gen_NMI[0]=0.5604419505899916
gen_NMI[1]=0.6485489440593188
gen_NMI[2]=0.6485489440593188
gen_NMI[3]=0.744652618629765
gen_NMI[4]=0.744652618629765
gen_NMI[5]=0.8150419216347778
gen_NMI[6]=0.8150419216347778
gen_NMI[7]=0.8150419216347778
gen_NMI[8]=0.8912109182851043
gen_NMI[9]=0.8912109182851043
gen_NMI[10]=0.8150419216347778
gen_NMI[11]=0.8150419216347778
gen_NMI[12]=0.8150419216347778
gen_NMI[13]=0.8150419216347778
gen_NMI[14]=0.8150419216347778
gen_NMI[15]=0.8150419216347778
gen_NMI[16]=0.8150419216347778
gen_NMI[17]=0.8150419216347778
gen_NMI[18]=0.8150419216347778
gen_NMI[19]=0.8150419216347778
gen_NMI[20]=0.8150419216347778
gen_NMI[21]=0.8150419216347778
gen_NMI[22]=0.8150419216347778
gen_NMI[23]=0.8150419216347778
gen_NMI[24]=0.8150419216347778
gen_NMI[25]=0.8150419216347778
gen_NMI[26]=0.8150419216347778
gen_NMI[27]=0.8150419216347778
gen_NMI[28]=0.8150419216347778
gen_NMI[29]=0.8150419216347778
gen_NMI[30]=0.8150419216347778
gen_NMI[31]=0.8150419216347778
gen_NMI[32]=0.8150419216347778
gen_NMI[33]=0.8150419216347778
gen_NMI[34]=0.8150419216347778
gen_NMI[35]=0.8150419216347778
gen_NMI[36]=0.8150419216347778
gen_NMI[37]=0.8150419216347778
gen_NMI[38]=0.8150419216347778
gen_NMI[39]=0.8150419216347778
gen_NMI[40]=0.8150419216347778
gen_NMI[41]=0.8150419216347778
gen_NMI[42]=0.8150419216347778
gen_NMI[43]=0.8150419216347778
gen_NMI[44]=0.8150419216347778
gen_NMI[45]=0.8150419216347778
gen_NMI[46]=0.8150419216347778
gen_NMI[47]=0.8150419216347778
gen_NMI[48]=0.8150419216347778
gen_NMI[49]=0.8150419216347778
gen_NMI[50]=0.8150419216347778
gen_NMI[51]=0.8150419216347778
gen_NMI[52]=0.8150419216347778
gen_NMI[53]=0.8150419216347778
gen_NMI[54]=0.8150419216347778
gen_NMI[55]=0.8150419216347778
gen_NMI[56]=0.8150419216347778
gen_NMI[57]=0.8150419216347778
gen_NMI[58]=0.8150419216347778
gen_NMI[59]=0.8150419216347778
gen_NMI[60]=0.8150419216347778
gen_NMI[61]=0.8150419216347778
gen_NMI[62]=0.8150419216347778
gen_NMI[63]=0.8150419216347778
gen_NMI[64]=0.8150419216347778
gen_NMI[65]=0.8150419216347778
gen_NMI[66]=0.8150419216347778
gen_NMI[67]=0.8150419216347778
gen_NMI[68]=0.8150419216347778
gen_NMI[69]=0.8150419216347778
gen_NMI[70]=0.8150419216347778
gen_NMI[71]=0.8150419216347778
gen_NMI[72]=0.8150419216347778
gen_NMI[73]=0.8150419216347778
gen_NMI[74]=0.8150419216347778
gen_NMI[75]=0.8150419216347778
gen_NMI[76]=0.8150419216347778
gen_NMI[77]=0.8150419216347778
gen_NMI[78]=0.8150419216347778
gen_NMI[79]=0.8150419216347778
gen_NMI[80]=0.8150419216347778
gen_NMI[81]=0.8150419216347778
gen_NMI[82]=0.8150419216347778
gen_NMI[83]=0.8150419216347778
gen_NMI[84]=0.8150419216347778
gen_NMI[85]=0.8150419216347778
gen_NMI[86]=0.8150419216347778
gen_NMI[87]=0.8150419216347778
gen_NMI[88]=0.8150419216347778
gen_NMI[89]=0.8150419216347778
gen_NMI[90]=0.8150419216347778
gen_NMI[91]=0.8150419216347778
gen_NMI[92]=0.8150419216347778
gen_NMI[93]=0.8150419216347778
gen_NMI[94]=0.8150419216347778
gen_NMI[95]=0.8150419216347778
gen_NMI[96]=0.8150419216347778
gen_NMI[97]=0.8150419216347778
gen_NMI[98]=0.8150419216347778
gen_NMI[99]=0.8150419216347778
