gen_Xbest[0]:
[0.000219418582559001, 0.0001682491041530417, 0.00019907001320640792, 0.00010440651418256315, 0.9997173262134688, 0.999720393059249, 0.9997310227819187, 8.851108732347635e-05, 0.33340327218056526, 0.33343442908043913, 0.9997688841087637, 0.0001176314151475229, 0.0003504995617942205, 0.00011377750224220616, 0.5957843912482592, 0.6665288648984632, 0.9996206400338622, 0.00013122824737938637, 0.00018626175058742366, 0.6665133798819293, 0.33345112050082043, 0.00017844903253136984, 0.06581114929304914, 0.33344902707604657, 0.6174410989813466, 0.00016103117151720667, 0.3334328527334236, 0.999699355163449, 0.9997058126571282, 0.33347264270125065, 0.9997214428399208, 0.9997781020556389, 0.3334484929627492, 0.9993614779829617]
[0.999561162834882, 0.9996635017916939, 0.9996018599735872, 0.3334377398475159, 0.00014133689326567884, 0.0001398034703755391, 0.0001344886090406737, 0.33342184442065675, 0.6665267889722026, 0.666464475172455, 0.0001155579456182492, 0.33345096474848085, 0.9992990008764117, 0.9997724449955157, 0.00016061796781676724, 6.89008841017173e-05, 0.00018967998306891308, 0.9997375435052411, 0.9996274764988252, 0.333409976725702, 0.00011778716748710447, 0.9996431019349372, 0.6007468468239965, 0.00011569374271318984, 0.000469598659001496, 0.00016103117151720667, 0.6664676278664858, 0.00015032241827552624, 0.00014709367143591825, 0.6663880479308318, 0.0001392785800396058, 0.00011094897218059351, 0.00011515962941581978, 0.0003192610085192685]
[0.000219418582559001, 0.0001682491041530417, 0.00019907001320640792, 0.6664578536383016, 0.00014133689326567884, 0.0001398034703755391, 0.0001344886090406737, 0.6664896444920198, 6.99388472319536e-05, 0.00010109574710581271, 0.0001155579456182492, 0.6664314038363717, 0.0003504995617942205, 0.00011377750224220616, 0.404054990783924, 0.33340223421743503, 0.00018967998306891308, 0.00013122824737938637, 0.00018626175058742366, 7.664339236868354e-05, 0.6664310923316925, 0.00017844903253136984, 0.33344200388295436, 0.6664352791812403, 0.38208930235965205, 0.9996779376569656, 9.951940009034908e-05, 0.00015032241827552624, 0.00014709367143591825, 0.00013930936791738032, 0.0001392785800396058, 0.00011094897218059351, 0.6664363474078351, 0.0003192610085192685]

gen_Xbest[1]:
[9.261334848705866e-05, 9.493524043550752e-05, 0.0002586450917198729, 8.322415953281877e-05, 0.9778635313003307, 0.9994746635393781, 0.9995928113297905, 8.736292960947121e-05, 0.999831845074272, 0.7896298931748812, 0.9998224310357688, 0.0002981633090394491, 0.00019408506118320662, 0.0002452293072500437, 0.9998237369957745, 0.9998321073262312, 0.9997243135783097, 9.752279888159321e-05, 0.999828880367314, 8.662087728667356e-05, 0.9998391723458839, 7.794736427626652e-05, 8.003225395258214e-05, 0.9998239650574688, 0.48961476402171566, 8.539518746121507e-05, 0.999693782002585, 0.9998267334032463, 0.9998217408352139, 0.9998254283195248, 0.9997582225994924, 0.33339460523937525, 0.9998178477569377, 0.9998322981128976]
[0.99967832021146, 0.999810129519129, 0.9996533459338873, 0.9998335516809344, 0.022038815673837437, 9.244906324841312e-05, 9.675619232264169e-05, 0.999825274140781, 8.407746286397156e-05, 0.21027239494188782, 8.495877952928683e-05, 0.5321514441102554, 0.9997100717036858, 0.999519808978121, 8.813150211275652e-05, 8.394633688444485e-05, 9.353549572904897e-05, 0.9995086544935569, 8.555981634300118e-05, 0.9998267582454267, 8.041382705801917e-05, 0.9998441052714475, 8.003225395258214e-05, 8.801747126559649e-05, 0.00016585994501931722, 8.539518746121507e-05, 8.144161962106799e-05, 8.663329837684014e-05, 8.912958239308006e-05, 8.728584023761993e-05, 9.176649355116638e-05, 0.00013728304627362315, 9.107612153114155e-05, 8.385094355117216e-05]
[0.00022906644005301905, 9.493524043550752e-05, 8.80089743928594e-05, 8.322415953281877e-05, 9.765302583191772e-05, 0.0004328873973734966, 0.00031043247788682974, 8.736292960947121e-05, 8.407746286397156e-05, 9.771188323092999e-05, 9.261018470174069e-05, 0.4675503925807052, 9.584323513112842e-05, 0.0002349617146289456, 8.813150211275652e-05, 8.394633688444485e-05, 0.0001821509259612976, 0.00039382270756157606, 8.555981634300118e-05, 8.662087728667356e-05, 8.041382705801917e-05, 7.794736427626652e-05, 0.9998399354920948, 8.801747126559649e-05, 0.5102193760332651, 0.9998292096250776, 0.00022477637779407588, 8.663329837684014e-05, 8.912958239308006e-05, 8.728584023761993e-05, 0.00015001090695637581, 0.666468111714351, 9.107612153114155e-05, 8.385094355117216e-05]

gen_Xbest[2]:
[1.902034481397419e-05, 0.000991750938131251, 0.00017123463773266435, 8.636878018766665e-05, 0.9997973401362781, 0.9998567942811619, 0.9998801816718927, 3.936532841148115e-05, 0.9997336406036449, 0.6664834092325195, 0.7946802713118681, 1.5445028443114538e-05, 9.340677214302607e-05, 0.0002131333379074581, 0.9998620166783752, 0.9500231018592552, 0.996300328199787, 5.9295674297413344e-05, 0.9998924356396744, 8.6702737551838e-05, 0.9998224596800116, 7.929350643172917e-05, 0.3510651349554809, 0.9997593193929846, 6.825679345142473e-05, 4.395946856930134e-05, 0.9998377431969043, 0.9998506592217667, 0.8977245199060485, 0.9998209929518335, 0.9997014383631441, 8.868825863315877e-05, 0.9998013908211468, 0.99975044686379]
[0.9999650559971823, 0.9989999796289888, 0.9996575307245348, 0.9998040515340364, 0.00010267191844237778, 9.331666192246743e-05, 5.990916405361504e-05, 0.9998628390431242, 9.331127913111444e-05, 0.33345235232322024, 7.27264327334882e-05, 0.9999166393069615, 0.99979957340587, 0.9800115121943538, 4.97885758729168e-05, 6.998691701472177e-05, 7.328012278395944e-05, 0.9998814086514052, 9.012716964477282e-05, 0.999900322741729, 8.877015999420315e-05, 0.9998414129871366, 5.810328252849281e-05, 0.00014588971122694462, 1.8603503521863264e-05, 6.197005342726252e-05, 8.333871651337995e-05, 7.467038911664171e-05, 9.981024196880851e-05, 8.950352408327972e-05, 0.00014645160208747853, 9.40732791689934e-05, 0.00011518446411964703, 9.849883462185655e-05]
[1.59236580037715e-05, 8.269432879910597e-06, 0.00017123463773266435, 0.00010957968577593557, 9.998794527952851e-05, 4.988905691563484e-05, 5.990916405361504e-05, 9.779562846434069e-05, 0.00017304811722406439, 6.42384442602365e-05, 0.20524700225539835, 6.791566459531955e-05, 0.00010701982198698211, 0.019775354467738645, 8.819474575186074e-05, 0.04990691122373013, 0.0036263916774291662, 5.9295674297413344e-05, 1.743719068091947e-05, 1.297452071914932e-05, 8.877015999420315e-05, 7.929350643172917e-05, 0.6488767617619906, 9.479089578850975e-05, 0.9999131397030268, 0.9998940704780034, 7.891808658232702e-05, 7.467038911664171e-05, 0.10217566985198276, 8.950352408327972e-05, 0.00015211003476851568, 0.9998172384621978, 8.342471473355245e-05, 0.00015105430158815318]

gen_Xbest[3]:
[0.0005089045021863028, 9.501678491372736e-05, 7.846533495688105e-05, 1.155620923883479e-05, 0.999833392864838, 0.9998009834451153, 0.9990599336309349, 0.00031666345818168846, 0.5307569266358724, 0.425038099418485, 0.9998645803106235, 9.797968917292952e-05, 8.82751004599219e-05, 9.888760039786984e-05, 0.9989629598984757, 0.9991756156425315, 0.9997876828040103, 0.0007552989661704228, 0.9998444927847665, 9.987443992859255e-05, 0.9998176566888313, 0.00022452632125548254, 0.9996211419554475, 0.8921915685752442, 8.503221650651037e-05, 9.089986271354473e-05, 0.9998957718782627, 0.999761623070241, 0.6557099867480065, 0.9998081164266541, 0.9997484931041566, 8.42774686326048e-05, 0.9997767398009701, 0.9994847529871749]
[0.9994234688867211, 0.9998192555826284, 0.9998350240094096, 0.9998910752397845, 6.795462919670387e-05, 0.00010358229433998187, 0.00012975852391446726, 0.9995885685109853, 0.46922642799006054, 0.5749432357396606, 3.8485738582130576e-05, 0.9998040406216542, 0.9996737742795586, 0.9997913996196339, 0.0009373162718518451, 0.0007303344200869849, 0.0001135920963160842, 0.9991752476513697, 9.283241551630051e-05, 0.9998242940246652, 8.806337770015379e-05, 0.9996842947220365, 0.0003118889396174991, 5.9528355342159855e-05, 0.057196618395267185, 0.00024279082872247131, 9.461984921050013e-05, 0.00016840061806801701, 0.00012567665459542351, 9.594178667292782e-05, 0.00015472122261156397, 0.00028252162696516386, 0.00013335041482788446, 0.00016603447427722732]
[6.762661109265724e-05, 8.572763245789927e-05, 8.65106556334288e-05, 9.7368550976719e-05, 9.865250596532735e-05, 9.543426054481308e-05, 0.0008103078451505133, 9.476803083289876e-05, 1.6645374067131326e-05, 1.866484185445037e-05, 9.693395079428886e-05, 9.797968917292952e-05, 0.00023795061998147627, 0.00010971277996813855, 9.972382967240022e-05, 9.404993738151775e-05, 9.872509967350647e-05, 6.945338245997489e-05, 6.267479971715509e-05, 7.58315354062284e-05, 9.427993346846821e-05, 9.11789567081033e-05, 6.696910493511698e-05, 0.10774890306941359, 0.9427183493882263, 0.9996663093085639, 9.608272526827259e-06, 6.997631169102784e-05, 0.34416433659739804, 9.594178667292782e-05, 9.678567323184121e-05, 0.9996332009044023, 8.99097842020223e-05, 0.0003492125385480144]

gen_Xbest[4]:
[0.00017985177453791357, 0.00018001873704994034, 0.00017980101585856893, 0.0003397381753982639, 0.9996898336537834, 0.9995883253581612, 0.9996198689214107, 0.0003185183850387539, 0.46958747798147416, 0.6639521009146806, 0.9997851592739073, 0.00019905929719988283, 0.00022208599810467425, 0.0002676221318371806, 0.9971485228208052, 0.9729733079325021, 0.9996056704367082, 0.0001875046475234239, 0.9995239437505116, 0.0001995060632226449, 0.9992645377293603, 0.0001522887747762409, 0.999455186315856, 0.7928034428571198, 0.000248442678097705, 5.593424937501598e-05, 0.9994010562480858, 0.9996396051735461, 0.18166416671778654, 0.9993208787117308, 0.9996415893047597, 0.00019433810782546823, 0.9994260118573604, 0.9499465016042333]
[0.9996402964509242, 0.9996399625259001, 0.9996403979682829, 0.9995890036210248, 0.00015508317310831057, 0.0002058373209194065, 0.0001900655392946642, 0.9996515090142286, 0.5302169837047522, 0.33585969580275515, 0.00010742036304633139, 0.9996018814056002, 0.9995558280037905, 0.9937694930365494, 0.0003669068194248013, 0.00032352707140877955, 0.00019716478164588945, 0.9996249907049531, 9.512271866033932e-05, 0.9996009878735548, 0.0003677311353199579, 0.9996954224504473, 0.00027240684207203845, 0.0002649507441807232, 0.000248442678097705, 0.000307747756204663, 0.0002994718759571786, 0.00018019741322696873, 0.00027467588453318617, 0.00033956064413462463, 0.00017920534762017184, 0.00019433810782546823, 0.0002869940713198591, 0.0003657231179933064]
[0.00017985177453791357, 0.00018001873704994034, 0.00017980101585856893, 7.125820357705392e-05, 0.00015508317310831057, 0.0002058373209194065, 0.0001900655392946642, 2.997260073265773e-05, 0.00019553831377360726, 0.00018820328256434872, 0.00010742036304633139, 0.00019905929719988283, 0.00022208599810467425, 0.005962884831613534, 0.002484570359769912, 0.0267031649960891, 0.00019716478164588945, 0.0001875046475234239, 0.0003809335308282256, 0.0001995060632226449, 0.0003677311353199579, 0.0001522887747762409, 0.00027240684207203845, 0.2069316063986996, 0.9995031146438046, 0.9996363179944203, 0.0002994718759571786, 0.00018019741322696873, 0.8180611573976803, 0.00033956064413462463, 0.00017920534762017184, 0.9996113237843491, 0.0002869940713198591, 0.04968777527777337]

gen_Xbest[5]:
[9.960022262489199e-05, 9.996975629752032e-05, 9.905497957577185e-05, 2.7510640288048194e-05, 0.7813643734411742, 0.9998027128504701, 0.9998056835508669, 9.88259666421684e-05, 0.5891777267407996, 0.6449529656394396, 0.9239097823910845, 8.340589014852874e-05, 0.00019597757364741148, 9.68398596440619e-05, 0.9998002532316388, 0.9998042240915527, 0.9998375612525237, 9.941736643209189e-05, 0.9998090311051744, 0.0002491385706627573, 0.9995691607817496, 7.217008877721692e-05, 0.9997083671965709, 0.5825089683040976, 9.557417928513088e-05, 0.00014676668233149968, 0.999404173860821, 0.9998040864311518, 8.240035315225518e-05, 0.9995352517273516, 0.9998289381255335, 7.121297173844215e-05, 0.9995004674902348, 0.999890606159245]
[0.999841014066056, 0.9998124621498695, 0.9998384420131194, 0.9998655407069682, 0.21855769651978266, 9.756318841803836e-05, 9.533219320704445e-05, 0.9997715337648249, 0.4107565439059566, 0.3549803746443679, 9.064724756894856e-05, 0.9998159589247537, 0.9997050258917639, 0.9998063202807119, 9.98733841805758e-05, 9.949777080020956e-05, 6.351798870171125e-05, 0.9998021229737243, 9.178541701644841e-05, 0.9995625552049247, 1.7404726719933333e-05, 0.9998294048594829, 0.00019689511112848078, 9.998859069555869e-05, 9.770113727636369e-05, 4.313728412665601e-05, 0.0004967851270652987, 9.708105719192283e-05, 9.952316550745505e-05, 0.00028325115337882693, 7.22140331445594e-05, 8.083276671440814e-05, 0.00020622715629876382, 2.4180450565339516e-05]
[5.93857113192442e-05, 8.756809383297436e-05, 6.250300730482922e-05, 0.00010694865274378369, 7.793003904313703e-05, 9.972396111185944e-05, 9.898425592601005e-05, 0.00012964026853308643, 6.572935324371163e-05, 6.665971619253177e-05, 0.07599957036134665, 0.00010063518509775651, 9.899653458871664e-05, 9.68398596440619e-05, 9.98733841805758e-05, 9.627813764710282e-05, 9.892075877479685e-05, 9.845965984366758e-05, 9.918347780915955e-05, 0.0001883062244126069, 0.0004134344915304095, 9.842505173989113e-05, 9.47376923007764e-05, 0.4173910431052067, 0.9998067246834386, 0.9998100960335419, 9.904101211344514e-05, 9.883251165620951e-05, 0.9998180764813402, 0.00018149711926957076, 9.884784132176567e-05, 0.999847954261547, 0.00029330535346645364, 8.521339018982256e-05]

gen_Xbest[6]:
[9.890578445548718e-05, 9.735400578493846e-05, 0.000100855320930266, 0.00015753777422816817, 0.7822292673363984, 0.9998004153003998, 0.9998262544842128, 9.918677107889138e-05, 0.6463183922411204, 0.7306259129885563, 0.9527999802634093, 9.839130873590331e-05, 0.00011530106083457261, 0.0002638511427005736, 0.9998022044281721, 0.9998673616361322, 0.9998961726577343, 3.999262801461503e-05, 0.9996657157547303, 8.2846293883696e-05, 0.9993837912059769, 9.99524127118062e-05, 0.9996596365031359, 0.6634172642385381, 9.90427006040033e-05, 9.792944937970087e-05, 0.9991637068227172, 0.9997972842454059, 9.854045474826234e-05, 0.9995631009645124, 0.999921446511721, 9.659537270040261e-05, 0.9994991421045282, 0.9997245880401987]
[0.9998013176201324, 0.999804051134515, 0.9997944226330974, 0.9997406862742956, 0.2176712210911416, 0.00010001469659639678, 7.606842551822366e-05, 0.9997493753062426, 0.35357654147653483, 0.2692241409545223, 0.00011311674965167887, 0.9998031765042124, 0.9998695603834662, 0.9996369496422325, 9.994830275644705e-05, 4.1566671310173e-05, 1.7730273226739923e-05, 0.9999438382198396, 0.0001312600800589023, 0.9998182650594043, 0.00011221858796410738, 0.9998011868082014, 0.00024069167154672544, 6.816553481332702e-05, 9.90427006040033e-05, 9.792944937970087e-05, 0.0004946220749795858, 9.846810159022338e-05, 0.00016282313872102686, 0.00033758237640612036, 5.72597203315758e-05, 9.991359583902428e-05, 0.00012970586179786005, 0.00017545842600101094]
[9.977659541220625e-05, 9.859485970009307e-05, 0.00010472204597235733, 0.00010177595147624757, 9.951157246005511e-05, 9.957000300387202e-05, 9.767709026901959e-05, 0.00015143792267855556, 0.00010506628234477972, 0.00014994605692158342, 0.047086902986939086, 9.84321870516236e-05, 1.5138555699339957e-05, 9.919921506699606e-05, 9.78472690713517e-05, 9.107169255774743e-05, 8.609706903896321e-05, 1.6169152145722552e-05, 0.00020302416521084343, 9.888864671203832e-05, 0.0005039902060591226, 9.886077908673268e-05, 9.967182531728066e-05, 0.3365145702266486, 0.999801914598792, 0.9998041411012406, 0.0003416711023034557, 0.00010424765300389433, 0.9997386364065307, 9.931665908141929e-05, 2.1293767947420025e-05, 0.9998034910314605, 0.0003711520336740463, 9.99535338004192e-05]

gen_Xbest[7]:
[4.535485702936268e-05, 7.631892196456006e-05, 5.7189277737758326e-05, 9.695876849410367e-05, 0.9996899018047393, 0.9997724999526694, 0.9998500074336515, 7.933824994983782e-05, 0.6859855809894339, 0.3508914480564271, 0.9996539546365156, 8.24176820985128e-05, 0.00018378523815212248, 0.0001205211939305634, 0.9996949968224448, 0.9996796765906532, 0.999647369166762, 0.00021160403339792887, 0.9997930555013009, 0.00010930931680259377, 0.9997443954464114, 6.651190044924425e-05, 0.9996559690041531, 0.6371789032911763, 8.738103510237193e-05, 4.3908435965346906e-05, 0.9997546858793518, 0.9997332659526496, 0.028634384694981623, 0.9996001730486405, 0.9998339813838278, 0.00020866390243415046, 0.9998480810869476, 0.9998304239096922]
[0.9999418956449716, 0.9998365282338478, 0.9999097707512704, 0.9998567058578575, 0.00018255120491806554, 0.00010716848812212834, 0.00010797382205929835, 0.9997356482089517, 0.3138301122190417, 0.648980509562422, 0.00015088045281011088, 0.9998784791293825, 0.9997603405080621, 0.9997659019322719, 0.00021153950934104065, 0.00021150891602569378, 0.00021160496129349048, 0.9997099341446632, 0.00010626130187127683, 0.9997393052848842, 4.5801048856774004e-05, 0.9997708237844317, 0.00021160467956164402, 0.00014106992998481077, 0.0022894216302392725, 0.00012058640512256089, 0.00014712984493229594, 9.575046896664171e-05, 6.449801571390918e-05, 0.00019112083921978617, 7.764063134692886e-05, 7.596801524542687e-05, 5.924786877114518e-05, 7.135597734274102e-05]
[1.2749497999156716e-05, 8.715284418757788e-05, 3.303997099188308e-05, 4.6335373648441624e-05, 0.0001275469903426324, 0.00012033155920861935, 4.201874428916942e-05, 0.00018501354109852123, 0.00018430679152447806, 0.00012804238115081323, 0.00019516491067435166, 3.9103188518889384e-05, 5.5874253785666684e-05, 0.00011357687379744861, 9.346366821400358e-05, 0.00010881449332122475, 0.0001410258719445, 7.846182193881321e-05, 0.00010068319682761128, 0.00015138539831317127, 0.0002098035047319213, 0.0001626643151190011, 0.00013242631628526352, 0.36268002677883887, 0.9976231973346583, 0.9998355051589121, 9.818427571593581e-05, 0.00017098357838388095, 0.9713011172893045, 0.00020870611213973062, 8.837798482526353e-05, 0.9997153680823204, 9.267104428134963e-05, 9.822011296501993e-05]

gen_Xbest[8]:
[0.00020776053709886842, 9.987163184243809e-05, 9.994789347304164e-05, 2.573704924221372e-05, 0.9998020499800033, 0.9997817359579184, 0.9997045791066965, 9.97844348475667e-05, 0.6533263071733706, 0.27934918342060355, 0.9998060488378363, 0.00022538114693163123, 9.957941141661325e-05, 0.00022922826451567525, 0.9999332407070508, 0.9996226929398594, 0.9993663024323215, 0.00025668149893055294, 0.9996372391284153, 0.00026028954338099924, 0.9997220818431669, 0.00015254696051974803, 0.9997845717075847, 0.8275490744910226, 0.0002730773550085226, 0.0002263291281934485, 0.9995074903655935, 0.9997195768591779, 0.00018988065503633118, 0.9994750754814983, 0.9996695996534444, 0.00030226207709502034, 0.999655769794171, 0.999831209060462]
[0.9996924669197664, 0.9998002567363151, 0.9996995629388555, 0.9997797959677779, 9.897500999834972e-05, 0.000118730026320569, 0.00019566604533116736, 0.9995147417566401, 0.3464261523290993, 0.7205090777098012, 9.697558108184745e-05, 0.9996990847982471, 0.9998008411771668, 0.9996542938431041, 3.0034079759081312e-05, 0.00027037076805314515, 0.0005339443396213703, 0.9996437204046044, 0.000329179705017777, 0.9996398893666475, 9.575230935442873e-05, 0.9997478181237471, 8.164563925272722e-05, 9.992251751284186e-05, 9.997917162293692e-05, 0.0003931436557825545, 0.0002962913010404103, 8.197943656826786e-05, 0.00015418441835279487, 0.0002507093635272357, 9.989181486605749e-05, 0.0002185299969297971, 9.970659881193626e-05, 9.991655979804941e-05]
[9.977254313466808e-05, 9.987163184243809e-05, 0.0002004891676714824, 0.0001944669829797688, 9.897500999834972e-05, 9.953401576098734e-05, 9.975484797241513e-05, 0.0003854738085122537, 0.00024754049753014103, 0.00014173886959515582, 9.697558108184745e-05, 7.553405482125303e-05, 9.957941141661325e-05, 0.00011647789238024684, 3.6725213190097064e-05, 0.00010693629208743792, 9.975322805719796e-05, 9.959809646516613e-05, 3.3581166567024173e-05, 9.982108997159681e-05, 0.0001821658474786734, 9.963491573310531e-05, 0.0001337826531624009, 0.17235100299146455, 0.9996269434733687, 0.999380527216024, 0.00019621833336617105, 0.0001984437042538866, 0.9996559349266109, 0.00027421515497451794, 0.0002305085316894822, 0.9994792079259752, 0.00024452360701715997, 6.887437974000788e-05]

gen_Xbest[9]:
[0.00018084350966816637, 8.373658340579291e-05, 0.00013218281497903863, 9.84342195147287e-05, 0.9997954206257075, 0.999751725370507, 0.9997791387105681, 4.1244683267556805e-05, 0.8879287029296439, 9.446105454460038e-05, 0.9997534208010213, 9.670795687154853e-05, 0.00016409972248247553, 0.00021068977285228267, 0.9998858361620463, 0.9997096210741819, 0.9992493086696853, 0.00018988541726035972, 0.9998046608262146, 0.00011207862939364924, 0.9998374012741273, 0.00014450532647744885, 0.9997924686822826, 0.9160749793863648, 0.00011227609226181148, 9.400362429676415e-05, 0.9998895522317233, 0.9997923026679236, 8.425800541802129e-05, 0.9997863134776002, 0.9996830340496041, 0.00014954471034630965, 0.9997602489642837, 0.9998046092875159]
[0.999728963678644, 0.9998109515383986, 0.999772802200136, 0.9997904072241833, 9.949883902492074e-05, 0.0001287780918950351, 0.00010863924260993861, 0.9998379892246414, 0.11190563458156777, 0.9997546267870248, 0.0001420993250564903, 0.9998206329709266, 0.9997366942397926, 0.9997094369711572, 7.871892450412599e-05, 0.00018923413955947616, 0.0006237530126377996, 0.9996773401935446, 0.00013168263094470367, 0.9997362244082272, 0.00011990600042685304, 0.9996853365579383, 0.00010788918682465005, 0.00012465947585524746, 9.946970316367864e-05, 0.0003073886035450227, 2.0991124178186586e-06, 8.389625788577209e-05, 0.00013516510752590365, 8.725771013905929e-05, 0.00012604657616500952, 0.00011666818470167899, 0.00011315447751540879, 9.550098905449804e-05]
[9.019281168786818e-05, 0.00010531187819560804, 9.501498488492022e-05, 0.00011115855630182841, 0.00010508053526755378, 0.00011949653759800406, 0.00011222204682195404, 0.00012076609209108837, 0.00016566248878840324, 0.0001509121584307483, 0.00010447987392203833, 8.265907220184588e-05, 9.92060377250146e-05, 7.987325599055864e-05, 3.544491344956675e-05, 0.00010114478625850318, 0.00012693831767688225, 0.00013277438919501427, 6.365654284058391e-05, 0.00015169696237910514, 4.269272544575275e-05, 0.000170158115584217, 9.964213089286583e-05, 0.08380036113777986, 0.9997882542045746, 0.9995986077721583, 0.00010834865585897134, 0.00012380107419061761, 0.999780576887056, 0.00012642881226071853, 0.00019091937423090473, 0.999733787104952, 0.00012659655820095007, 9.988972342958607e-05]

gen_Xbest[10]:
[9.998279800000044e-05, 9.99630229242823e-05, 9.995753022593944e-05, 9.998472339733872e-05, 0.9955757729054018, 0.9998867945806749, 0.9998066388175163, 9.937895624388881e-05, 0.950651090833078, 9.406785479506713e-05, 0.9998477691390489, 9.998298699141701e-05, 9.996105964018639e-05, 9.585337225249605e-05, 0.9998666383452887, 0.9787279977456889, 0.9994054452930684, 9.996373690132897e-05, 0.9998000465527758, 5.295890016110862e-05, 0.9998809014986066, 9.996855442806642e-05, 0.999804065556218, 0.8830987492585898, 8.947600929548906e-05, 6.3462470117889e-05, 0.9998664041501515, 0.9998585908927362, 9.978521601928493e-05, 0.9998858771480057, 0.999800071197475, 9.996336053633201e-05, 0.9998020077413221, 0.999817531546528]
[0.9998378187858727, 0.9998000739541515, 0.9998000849395482, 0.9998146198393683, 0.004324242953613405, 1.3672774524606127e-05, 9.338232478448794e-05, 0.9998012420875122, 0.04931941467989414, 0.9997792136312219, 5.423877649595309e-05, 0.9997654995681948, 0.9998000778807196, 0.999808293255495, 9.997214781094627e-05, 9.998160064988346e-05, 0.0005891602877075133, 0.9998000725261974, 9.997672361215318e-05, 0.9998654568830039, 4.119850973689764e-05, 0.9998000628911439, 9.998726236242991e-05, 9.998919047018888e-05, 9.996981228333963e-05, 9.998823497809272e-05, 7.21653833083851e-05, 9.997801495818586e-05, 7.634649059390775e-05, 3.828531118712604e-05, 9.996440126249499e-05, 9.996336053633201e-05, 9.89961293389329e-05, 8.667249092828358e-05]
[6.219841612725519e-05, 9.99630229242823e-05, 9.995753022593944e-05, 8.539543723429249e-05, 9.998414098482547e-05, 9.953264480058793e-05, 9.997885769922363e-05, 9.937895624388881e-05, 2.949448702790225e-05, 0.0001267185139830559, 9.799208445504229e-05, 0.00013451744481380549, 9.996105964018639e-05, 9.585337225249605e-05, 3.338950690039149e-05, 0.021172020653661246, 5.394419224048769e-06, 9.996373690132897e-05, 9.997672361215318e-05, 8.158421683510434e-05, 7.789999165641874e-05, 9.996855442806642e-05, 9.59471814194008e-05, 0.11680126155094006, 0.9998105541784212, 0.9998365492949041, 6.143046654018161e-05, 4.143109230556456e-05, 0.9998238682933868, 7.583754080718502e-05, 9.996440126249499e-05, 0.9998000732789274, 9.89961293389329e-05, 9.579596254380725e-05]

gen_Xbest[11]:
[8.844988338198854e-05, 0.00010151738406985055, 9.462073099592826e-05, 4.8617163227109745e-05, 0.9998386347959756, 0.9997797807922316, 0.9998032879254695, 9.530282787661304e-05, 0.9998035266936199, 0.00010127161503328296, 0.9998011607703781, 9.443452147187294e-05, 0.00010270926152135044, 8.545485976741701e-05, 0.9999053922158604, 0.9708944379479137, 0.999806893795303, 7.7826233537854e-05, 0.9998502822699044, 8.43862492065014e-05, 0.9999337144206365, 9.120018676598269e-05, 0.9998224209935719, 0.9162655416031718, 6.364724836319977e-05, 5.2963782202144494e-05, 0.9997874422977263, 0.9998012643476267, 0.00013804357391326432, 0.9998723798484767, 0.9998546526575413, 7.580504560134155e-05, 0.9998868493615864, 0.9998193048119942]
[0.9998574431566934, 0.9997994380696824, 0.99982575731434, 0.9998665870353897, 0.00010218010143879603, 0.00012348317573866388, 9.825424969564437e-05, 0.9998969971516932, 0.00010187910239819103, 0.9998034535690705, 9.649291732086555e-05, 0.9997522531164815, 0.9998441294948033, 0.9998157876038044, 8.97859146876736e-05, 0.00010046844312795126, 9.253733259747091e-05, 0.9998182142551335, 3.939718938919997e-05, 0.999843804225687, 1.8756863927630926e-05, 0.9998112462531084, 9.118090566136812e-05, 9.774051679528717e-05, 0.00010056507859086579, 7.103227253440815e-05, 0.00010235720332668612, 9.983042132460735e-05, 6.36022784286491e-05, 2.2177465175538698e-05, 9.995843271237622e-05, 2.3220179295762442e-05, 3.088789793036929e-05, 7.89585852120539e-05]
[5.410695992463676e-05, 9.904454624768755e-05, 7.962195466410306e-05, 8.479580138329903e-05, 5.9185102585688496e-05, 9.673603202973295e-05, 9.845782483483045e-05, 7.700020430150958e-06, 9.459420398190181e-05, 9.527481589628458e-05, 0.00010234631230106966, 0.00015331236204656592, 5.3161243675413385e-05, 9.875753642811382e-05, 4.821869451940276e-06, 0.029005093608958307, 0.00010056887209959163, 0.0001039595113285028, 0.00011032054070637751, 7.180952510649704e-05, 4.7528715435915856e-05, 9.755356012576271e-05, 8.639810076684052e-05, 0.08363671788003292, 0.9998357876730459, 0.9998760039452635, 0.00011020049894692574, 9.890523104864279e-05, 0.999798354147658, 0.00010544268634772168, 4.5388909746416e-05, 0.9999009747751029, 8.226274048321765e-05, 0.00010173660279373926]

gen_Xbest[12]:
[6.14014011139451e-05, 2.690707668575286e-06, 5.661918273028009e-05, 7.963912595297403e-05, 0.9998430523700659, 0.9998701219071402, 0.9999281873266531, 7.087778579423606e-05, 0.9652605244933141, 0.00010070554698282289, 0.9998581775764014, 6.213122598351497e-05, 5.453904204075878e-05, 6.783389985685194e-05, 0.9998757900885723, 0.9998172730005453, 0.9998307786436192, 8.053425105331266e-05, 0.9998333001154155, 4.8662489469251876e-05, 0.9998913956232317, 2.000882156345694e-05, 0.9998089082708213, 0.885407862845507, 8.182952592532967e-05, 3.9738691154360115e-05, 0.9997935653406517, 0.9998000575002415, 8.523873650781082e-05, 0.9999500429498459, 0.9998371710146071, 3.572743297009495e-05, 0.9998156353375596, 0.9999122414757604]
[0.9998386157482408, 0.9999101369568004, 0.9998424499523059, 0.9998132414294707, 7.243959256676473e-05, 6.686899843552237e-05, 4.463412540801478e-05, 0.9998934345484479, 0.03463950507444748, 0.99979931148126, 4.7263151679217944e-05, 0.999821796319421, 0.9998935094355057, 0.9998372485730845, 2.4722509676966923e-05, 8.300611080807757e-05, 9.997727895630324e-05, 0.9998916576993621, 0.00010904984301376473, 0.9998428580168379, 9.421804670990867e-05, 0.9999614839994686, 9.359595341229668e-05, 1.0769315999115858e-05, 7.662007443399416e-05, 6.627046019710864e-05, 0.00010645803556960778, 9.99712498792675e-05, 2.892032352554905e-05, 4.8526216118774396e-05, 8.12951828846145e-05, 9.872345212353178e-05, 9.66750399236491e-05, 6.181079817662048e-05]
[9.998285064528603e-05, 8.717233553106574e-05, 0.00010093086496384755, 0.00010711944457624451, 8.450803736734783e-05, 6.300909442432954e-05, 2.7178547938774902e-05, 3.5687665757808636e-05, 9.997043223855207e-05, 9.998297175710087e-05, 9.45592719193804e-05, 0.00011607245459549448, 5.195152245347902e-05, 9.491752705863419e-05, 9.948740175062187e-05, 9.972088864659481e-05, 6.924407742448303e-05, 2.7808049584742378e-05, 5.765004157085729e-05, 0.00010847949369290084, 1.4386330058388837e-05, 1.8507178967905736e-05, 9.749577576656709e-05, 0.11458136783849397, 0.9998415503996406, 0.9998939908486486, 9.997662377879131e-05, 9.99712498792675e-05, 0.9998858409399667, 1.4308340353375045e-06, 8.15338025084078e-05, 0.9998655491149063, 8.768962251682511e-05, 2.5947726063042606e-05]

gen_Xbest[13]:
[6.14014011139451e-05, 2.690707668575286e-06, 5.661918273028009e-05, 7.963912595297403e-05, 0.9998430523700659, 0.9998701219071402, 0.9999281873266531, 7.087778579423606e-05, 0.9652605244933141, 0.00010070554698282289, 0.9998581775764014, 6.213122598351497e-05, 5.453904204075878e-05, 6.783389985685194e-05, 0.9998757900885723, 0.9998172730005453, 0.9998307786436192, 8.053425105331266e-05, 0.9998333001154155, 4.8662489469251876e-05, 0.9998913956232317, 2.000882156345694e-05, 0.9998089082708213, 0.885407862845507, 8.182952592532967e-05, 3.9738691154360115e-05, 0.9997935653406517, 0.9998000575002415, 8.523873650781082e-05, 0.9999500429498459, 0.9998371710146071, 3.572743297009495e-05, 0.9998156353375596, 0.9999122414757604]
[0.9998386157482408, 0.9999101369568004, 0.9998424499523059, 0.9998132414294707, 7.243959256676473e-05, 6.686899843552237e-05, 4.463412540801478e-05, 0.9998934345484479, 0.03463950507444748, 0.99979931148126, 4.7263151679217944e-05, 0.999821796319421, 0.9998935094355057, 0.9998372485730845, 2.4722509676966923e-05, 8.300611080807757e-05, 9.997727895630324e-05, 0.9998916576993621, 0.00010904984301376473, 0.9998428580168379, 9.421804670990867e-05, 0.9999614839994686, 9.359595341229668e-05, 1.0769315999115858e-05, 7.662007443399416e-05, 6.627046019710864e-05, 0.00010645803556960778, 9.99712498792675e-05, 2.892032352554905e-05, 4.8526216118774396e-05, 8.12951828846145e-05, 9.872345212353178e-05, 9.66750399236491e-05, 6.181079817662048e-05]
[9.998285064528603e-05, 8.717233553106574e-05, 0.00010093086496384755, 0.00010711944457624451, 8.450803736734783e-05, 6.300909442432954e-05, 2.7178547938774902e-05, 3.5687665757808636e-05, 9.997043223855207e-05, 9.998297175710087e-05, 9.45592719193804e-05, 0.00011607245459549448, 5.195152245347902e-05, 9.491752705863419e-05, 9.948740175062187e-05, 9.972088864659481e-05, 6.924407742448303e-05, 2.7808049584742378e-05, 5.765004157085729e-05, 0.00010847949369290084, 1.4386330058388837e-05, 1.8507178967905736e-05, 9.749577576656709e-05, 0.11458136783849397, 0.9998415503996406, 0.9998939908486486, 9.997662377879131e-05, 9.99712498792675e-05, 0.9998858409399667, 1.4308340353375045e-06, 8.15338025084078e-05, 0.9998655491149063, 8.768962251682511e-05, 2.5947726063042606e-05]

gen_Xbest[14]:
[8.16204264772466e-05, 0.00010376704043077106, 5.256105982796567e-05, 3.4557996758027334e-05, 0.9998441512613226, 0.9998721191656952, 0.9999325895798797, 6.302318205985788e-05, 0.9854264778405324, 0.00010005597069879352, 0.9998533154788039, 6.639520783884205e-05, 6.869986540007776e-05, 8.038361671786062e-05, 0.9997896658389105, 0.9993911584029972, 0.9998605940880062, 8.523751483268814e-05, 0.9998308659361984, 9.998815284018813e-05, 0.9998833889497118, 5.376498898191578e-05, 0.9998464014180672, 0.8756683802552523, 9.475460375357576e-05, 2.41040266376687e-05, 0.9998555323159106, 0.9998176072273598, 8.469008564997088e-05, 0.9998760608198074, 0.9998715574804847, 3.0829247988796947e-06, 0.9998875227494253, 0.9984305779702292]
[0.9998440216721634, 0.9998101864256439, 0.9998647444400107, 0.9998591365045826, 8.812317055057995e-05, 6.147563546815347e-05, 5.4425628171057334e-05, 0.9998323155009385, 0.014478941368370662, 0.9998216623450766, 4.92785790071764e-05, 0.9998269381551262, 0.9998839287553395, 0.999818111543102, 9.991312512050981e-05, 0.00011172958402115536, 8.405524274464946e-05, 0.9998888592574243, 0.00012138997086713068, 0.9997858801099078, 0.00010877873757472376, 0.9998463719924421, 5.416429465949372e-05, 1.485649534605709e-05, 7.389294080734383e-05, 9.373912364928676e-06, 5.940360731636046e-05, 5.769466282906363e-05, 2.876141032119109e-05, 8.235481374333246e-05, 7.384158105498608e-05, 8.725584922410505e-05, 7.379225615997579e-05, 5.494486723652304e-05]
[7.435790135942004e-05, 8.604653392530105e-05, 8.269450016136114e-05, 0.00010630549865943371, 6.772556812669065e-05, 6.640519883666453e-05, 1.2984791949209419e-05, 0.00010466131700173905, 9.458079109682724e-05, 7.828168422447728e-05, 9.740594218899697e-05, 0.0001066666370349208, 4.737137926050592e-05, 0.0001015048401802048, 0.00011042103596904605, 0.0004971120129816911, 5.53506692491772e-05, 2.590322774298364e-05, 4.774409293449573e-05, 0.00011413173725195578, 7.83231271340188e-06, 9.986301857595913e-05, 9.943428727318012e-05, 0.12431676324940157, 0.9998313524554391, 0.9999665220609975, 8.506407677318333e-05, 0.000124698109811158, 0.9998865485040289, 4.1584366449333694e-05, 5.460093846031473e-05, 0.999909661225977, 3.8684994414832316e-05, 0.0015144771625343679]

gen_Xbest[15]:
[4.120522087263611e-05, 0.00012905661195577756, 1.5523341908576836e-05, 5.496643064098531e-05, 0.9998161302216576, 0.9998917411692728, 0.9999496176067443, 4.964914833356511e-05, 0.9903080879968436, 6.639309974912407e-05, 0.9999203836904059, 5.2319415444709204e-05, 4.836261544779533e-05, 8.408741954355958e-05, 0.9997311220757749, 0.9998066958513075, 0.999865582264544, 7.730250687422636e-05, 0.9998620934345216, 7.089300463976682e-05, 0.999768700600922, 7.409929138847274e-06, 0.9998454826299878, 0.8874936559736815, 4.771923626043163e-05, 6.434496317177585e-05, 0.9998606290226367, 0.9998295429475109, 8.025161081184365e-05, 0.999889383305266, 0.9998841645681255, 3.3990647680514836e-05, 0.9998490077332376, 0.9989148581618772]
[0.999917716885445, 0.9997907355506395, 0.9998960158688335, 0.9998794580481759, 8.642493284875146e-05, 5.795152837128825e-05, 3.3376321284338544e-05, 0.9998844143308688, 0.009594993281811903, 0.9998556062991184, 5.2022526133705916e-05, 0.9997846774611017, 0.999908587721196, 0.9998090680425856, 0.00012771052091391775, 9.34746003962236e-05, 7.670315171896516e-05, 0.9998227079920774, 0.00010090547998564556, 0.9998130698935211, 0.0001313145967887717, 0.9999291740724109, 5.453752380533115e-05, 1.0110051234601187e-06, 9.422939175651005e-05, 9.998864512624366e-05, 6.801755314008417e-05, 5.209331155732522e-05, 2.848698002359903e-05, 9.02104615344817e-05, 6.192947783241442e-05, 0.00010618759015170704, 9.121214714443969e-05, 4.180399068714103e-05]
[4.107789368243356e-05, 8.020783740478636e-05, 8.846078925802996e-05, 6.557552118317928e-05, 9.744484549364115e-05, 5.0307302355987935e-05, 1.700607197138389e-05, 6.59365207976369e-05, 9.691872134450428e-05, 7.800060113259335e-05, 2.7593783460434076e-05, 0.00016300312345366474, 4.3049663356270786e-05, 0.00010684453787079767, 0.00014116740331127884, 9.982954829616488e-05, 5.771458373707802e-05, 9.998950104838417e-05, 3.7001085492799296e-05, 0.00011603710183904269, 9.998480228913921e-05, 6.3415998450316e-05, 9.997984620687008e-05, 0.11250533302119504, 0.999858051371983, 0.9998356663917021, 7.13534242231043e-05, 0.00011836374093180958, 0.9998912614091646, 2.040623319954299e-05, 5.390595404211151e-05, 0.9998598217621678, 5.9780119617959133e-05, 0.0010433378474357516]

gen_Xbest[16]:
[3.290143983063856e-05, 0.00011815465319127432, 1.5523409101885208e-05, 6.463029861296687e-05, 0.9997672151459344, 0.9999320673809047, 0.9999608028717742, 2.6969952389018258e-05, 0.9893826200728609, 7.79694861596007e-05, 0.999846142791487, 3.142007269249273e-05, 5.148591464563416e-05, 6.521525982206355e-05, 0.9997596120550772, 0.9998244195608369, 0.9999017308921067, 6.597460603641856e-05, 0.9998455464106941, 5.4671435204001863e-05, 0.9997804549946915, 3.066494291846478e-05, 0.9998562045108279, 0.8938917703443189, 6.865540555915166e-05, 3.643182157738974e-05, 0.9998602107541474, 0.9998239452189818, 7.90483348670996e-05, 0.9998597196005664, 0.9999015444573635, 2.322491621545679e-05, 0.9998125791284109, 0.9976071438239383]
[0.9999325684026702, 0.9997946331866643, 0.9998918599879675, 0.9998722050985508, 9.886403975691095e-05, 4.575113720765232e-05, 1.876038746493463e-05, 0.9998730695597364, 0.010495892234420105, 0.9998491640779179, 5.403671411148043e-05, 0.9997378191509692, 0.9999181218090933, 0.9998350135629076, 0.00011342135197332894, 7.58902541785876e-05, 6.472518991243857e-05, 0.9998484953187146, 0.00010172052176443688, 0.9998193418454129, 0.00012180290409358903, 0.9999288408976492, 4.32429380315363e-05, 5.398147393286176e-06, 9.408911441540693e-05, 0.00010114983250016471, 6.733249055747161e-05, 4.550339592564783e-05, 2.1350211950483603e-05, 9.101511334285032e-05, 5.428792945501986e-05, 0.00010869049325847008, 8.756910640152084e-05, 9.61830572208859e-06]
[3.453015749916721e-05, 8.721216014448802e-05, 9.261660293068436e-05, 6.316460283630191e-05, 0.000133920814308783, 2.2181481887775346e-05, 2.043674076077765e-05, 9.996048787457097e-05, 0.00012148769271896605, 7.286643592259497e-05, 9.982049440147957e-05, 0.00023076077633842312, 3.039227626099704e-05, 9.977117727021907e-05, 0.0001269665929493128, 9.969018498451809e-05, 3.354391798094406e-05, 8.553007524900329e-05, 5.273306754127816e-05, 0.00012598671938310137, 9.77421012149084e-05, 4.0494159432284664e-05, 0.0001005525511406221, 0.10610283150828778, 0.9998372554800254, 0.9998624183459225, 7.245675529506156e-05, 0.00013055138509263358, 0.9998996014531825, 4.926528609080568e-05, 4.4167613181460386e-05, 0.9998680845905261, 9.985176518760295e-05, 0.0023832378703396127]

gen_Xbest[17]:
[2.7520855796783015e-05, 0.00012621017910050556, 1.0672278545109287e-05, 5.53137475471231e-05, 0.9997431485980794, 0.9999719698000967, 0.9998411549619328, 3.4281214328665e-05, 0.9832389692767985, 0.019995649101365576, 0.9997370292324103, 4.132232482933199e-05, 6.22984915912372e-05, 4.699770335682553e-05, 0.9997582203701582, 0.999824859152185, 0.9998757227685209, 4.248174577802858e-05, 0.9998772256639081, 6.353198087498634e-05, 0.9997749065609581, 4.4671264651626934e-05, 0.9998598278895922, 0.9046475693017773, 5.911231966198005e-05, 3.850437936803291e-05, 0.9998833931636045, 0.9998245315740149, 8.707290781665435e-05, 0.999873809265094, 0.999926914829253, 3.1284652024350914e-05, 0.9998149862619364, 0.997011399113994]
[0.999969942526937, 0.9997969836923589, 0.9999049653577268, 0.9999253357757124, 0.00012559916229426307, 2.4297514296808043e-05, 0.00013415090460074013, 0.9998948702251776, 0.016632993763217245, 0.9799527774225877, 7.593417131790028e-05, 0.9996991064949038, 0.9998859021283809, 0.9998361875805787, 0.00010105417892266957, 7.616835316705527e-05, 7.969365089748173e-05, 0.9998501747249459, 7.996912484961272e-05, 0.9998250371219815, 0.0001014800131026619, 0.9999325267228892, 4.130505093547071e-05, 4.467886976058548e-05, 7.771239871217004e-05, 8.353425480714731e-05, 5.509223116506703e-05, 4.480061493465382e-05, 3.169555549902574e-05, 9.986262514888492e-05, 5.060755018329349e-05, 9.61486103040207e-05, 8.489260742879563e-05, 9.578943689574345e-06]
