gen_Xbest[0]:
[0.00014646401032924173, 0.00014782922226698605, 0.00014752127624649601, 0.00012017031109748432, 0.0001281206445677622, 0.33340478171651794, 0.00011582414109622157, 0.0001308550534818396, 8.052585009940751e-05, 0.3334296850315, 0.00012565365593502668, 0.00013895613153316148, 0.6664694711830685, 0.0001257131985382266, 0.9996577989087462, 0.9997283781612528, 0.9989888145732828, 0.6664274833322623, 0.9996952982079407, 0.00012421561040083323, 0.33344003033463565, 0.00023658856720920685, 0.33345266802713747, 0.9996580493161588, 0.3334095558263981, 0.3334812257849666, 0.33361137888517367, 0.9996816874690132, 0.33340444277752024, 0.9997085893170253, 0.33349009451080563, 0.9986252274912026, 0.9997789245262648, 0.9997416292878994]
[0.00014646401032924173, 0.00014782922226698605, 0.00014752127624649601, 0.00012017031109748432, 0.9997437587108644, 0.6665237699002974, 0.33344915747442955, 0.0001308550534818396, 0.33341385918343275, 0.6664739632703334, 0.9997486926881302, 0.00013895613153316148, 9.859774179907725e-05, 0.0001257131985382266, 0.00017110054562697853, 0.0001358109193735186, 0.0005055927133586421, 0.00011959166720220588, 0.00015235089602963842, 0.00012421561040083323, 0.6664532726640621, 0.00023658856720920685, 0.0001193346938041302, 0.00017097534192065528, 7.622249306476725e-05, 0.00014789245163322474, 0.6547964528819801, 0.00015915626549339388, 0.6665244477782929, 0.00014570534148736818, 0.666353144311722, 0.0012040731028043102, 0.00011053773686761146, 0.0001291853560502823]
[0.9997070719793415, 0.9997043415554661, 0.9997049574475071, 0.9997596593778051, 0.0001281206445677622, 7.144838318462174e-05, 0.6664350183844743, 0.9997382898930363, 0.6665056149664679, 9.635169816667698e-05, 0.00012565365593502668, 0.9997220877369337, 0.3334319310751324, 0.9997485736029236, 0.00017110054562697853, 0.0001358109193735186, 0.0005055927133586421, 0.3334529250005355, 0.00015235089602963842, 0.9997515687791984, 0.00010669700130232989, 0.9995268228655816, 0.6664279972790584, 0.00017097534192065528, 0.6665142216805372, 0.6663708817634003, 0.011592168232846093, 0.00015915626549339388, 7.110944418689019e-05, 0.00014570534148736818, 0.00015676117747231896, 0.00017069940599317106, 0.00011053773686761146, 0.0001291853560502823]

gen_Xbest[1]:
[0.00034749038238430857, 0.0007112980858336777, 0.010543632103842222, 0.0005761613380107005, 0.0002845169476650349, 0.6664504293131581, 0.15123326754909155, 0.00047689993432580447, 0.45605018872671477, 0.5604740782211121, 0.00037364163207417736, 0.0005570812792828853, 0.0001318193111472677, 0.0005342302021470044, 0.9993286724965788, 0.9987642307317836, 0.7859840900806799, 0.00013190600184511647, 0.7335923777772212, 0.00033346605356145267, 0.9995905796249648, 0.20830602440257123, 0.33348017752067904, 0.9987266002974785, 0.9995695245736768, 0.999634623110646, 0.9996279277121944, 0.9992096732159402, 0.9998327969135407, 0.9991942959612068, 0.8360580244450616, 0.9991420482626253, 0.9683635981833572, 0.9987721003166348]
[0.00034749038238430857, 0.006596154076874519, 0.009096317880077757, 0.0005761613380107005, 0.898410683712249, 8.787662120802256e-05, 0.8486248594022542, 0.00047689993432580447, 0.5438482205832483, 8.786982191834034e-05, 0.6659193834025184, 0.0005570812792828853, 0.0001691707325567279, 0.0005342302021470044, 0.0003356637517107246, 0.0006178846341081677, 0.00017404517008666587, 0.00018086920888928814, 0.0003202505579312298, 0.00033346605356145267, 0.00018309157868549376, 0.000357505960027462, 0.00014490615665571825, 0.0006366998512606412, 0.0002738187289797824, 0.0002086440421705775, 0.00021095707609909107, 0.0003951633920298393, 0.0001318087359470211, 0.00040285201939665744, 0.0001356079086259901, 0.00042897586868740543, 0.031131020816821633, 0.0006139498416825565]
[0.9993050192352314, 0.9926925478372918, 0.98036005001608, 0.9988476773239785, 0.1013047993400859, 0.33346169406563386, 0.00014187304865422246, 0.9990462001313485, 0.00010159069003693392, 0.43943805195696967, 0.3337069749654075, 0.9988858374414342, 0.999699009956296, 0.9989315395957059, 0.0003356637517107246, 0.0006178846341081677, 0.2138418647492334, 0.9996872247892656, 0.2660873716648475, 0.9993330678928771, 0.00022632879634969442, 0.7913364696374012, 0.6663749163226652, 0.0006366998512606412, 0.00015665669734343143, 0.00015673284718341408, 0.0001611152117065346, 0.0003951633920298393, 3.539435051237229e-05, 0.00040285201939665744, 0.16380636764631246, 0.00042897586868740543, 0.0005053809998212499, 0.0006139498416825565]

gen_Xbest[2]:
[5.2208779105294066e-05, 5.262145993085286e-05, 5.2625054470806065e-05, 5.221029801707987e-05, 5.227263469842932e-05, 0.9998847375758125, 5.766359359774841e-05, 5.221085288127706e-05, 6.468365814318908e-05, 0.6665714784939726, 5.715288459599103e-05, 5.397645608723689e-05, 5.378977594447776e-05, 5.2208467790705354e-05, 0.9998955815332939, 0.999895581223292, 0.9998955744669028, 5.2211763447823317e-05, 0.9998946959132838, 5.2209830345630884e-05, 0.9998853112267393, 5.220946501897369e-05, 0.3333727533361878, 0.999885309881895, 0.9998796019192859, 0.9998703297969463, 0.6320192962666296, 0.9998911370386936, 0.9998866481014972, 0.9998955792073065, 0.9141077452054686, 0.9998885552847675, 0.9998876081452213, 0.9998826783893533]
[5.2208779105294066e-05, 5.262145993085286e-05, 5.2625054470806065e-05, 5.221029801707987e-05, 0.9998954547306032, 5.763121209369696e-05, 0.9998846728128045, 5.221085288127706e-05, 0.8609233936447098, 4.75940863470753e-05, 0.999885694230808, 5.397645608723689e-05, 5.378977594447776e-05, 5.2208467790705354e-05, 5.220923335301323e-05, 5.220938835394018e-05, 5.221276654858881e-05, 5.2211763447823317e-05, 5.265204335806156e-05, 5.2209830345630884e-05, 5.734438663030343e-05, 5.220946501897369e-05, 3.9420002854506194e-05, 5.734505905254425e-05, 6.019904035706806e-05, 6.483510152678955e-05, 0.36793353621553276, 5.4431480653216604e-05, 5.6675949251406194e-05, 5.22103963467283e-05, 0.0858177126633484, 5.572235761626174e-05, 5.619592738937447e-05, 5.866080532334831e-05]
[0.9998955824417894, 0.9998947570801383, 0.9998947498910584, 0.9998955794039658, 5.227263469842932e-05, 5.763121209369696e-05, 5.766359359774841e-05, 0.9998955782942375, 0.13901192269714702, 0.3333809274196804, 5.715288459599103e-05, 0.9998920470878254, 0.999892420448111, 0.9998955830644186, 5.220923335301323e-05, 5.220938835394018e-05, 5.221276654858881e-05, 0.9998955764731043, 5.265204335806156e-05, 0.9998955803393087, 5.734438663030343e-05, 0.999895581069962, 0.6665878266609576, 5.734505905254425e-05, 6.019904035706806e-05, 6.483510152678955e-05, 4.7167517837602006e-05, 5.4431480653216604e-05, 5.6675949251406194e-05, 5.22103963467283e-05, 7.454213118312103e-05, 5.572235761626174e-05, 5.619592738937447e-05, 5.866080532334831e-05]

gen_Xbest[3]:
[0.010833819172111353, 0.008865402176064381, 0.0004424755293740136, 0.006859451366605635, 0.0014301355578902157, 0.2175457848693902, 0.00029981479337073654, 0.0005643487462256741, 0.33342059180912703, 0.33348581437059194, 0.0007865587902627752, 0.010619348519823681, 0.00035260626861956246, 0.0004777653232931804, 0.999115789462569, 0.9988135103937235, 0.33142240572893494, 0.009319648793320123, 0.9993562062079805, 0.0006267505845480069, 0.866125352250391, 0.0003670073992540447, 0.9964216320134807, 0.9782915274262791, 0.9958017652153791, 0.9987196785322133, 0.33341112786444094, 0.999004445151459, 0.9990630051265865, 0.9989414187705992, 0.9306318116641296, 0.9782866413108501, 0.9926880891997334, 0.9992080990354534]
[0.010846238593396607, 0.008783462872198066, 0.0004424755293740136, 0.0006783987601789797, 0.9981404481873847, 0.7821366928463432, 0.9994003704132586, 0.007923550068330024, 8.725847579367498e-05, 0.012028358989582532, 0.9989595476993829, 0.010619348519823681, 0.004986751734393369, 0.006706905480379127, 0.00044210526871542056, 0.0006410577589653241, 0.668233269853898, 0.0006639620473290529, 0.00032189689600977767, 0.008807826503190208, 0.12299707431783577, 0.0003670073992540447, 0.0033633137584084764, 0.010854236286860535, 0.0034544587542155204, 0.0006401607338934012, 0.6665110776044515, 0.0004977774242705607, 0.00046849743670680907, 0.0005292906147004871, 0.06898451343576426, 0.010850573148338915, 0.0004860419219682374, 0.0003959504822733385]
[0.9783199422344921, 0.9823511349517376, 0.9991150489412519, 0.9924621498732153, 0.000429416254725092, 0.00031752228426669253, 0.00029981479337073654, 0.9915121011854443, 0.6664921497150793, 0.6544858266398256, 0.0002538935103544699, 0.9787613029603526, 0.994660641996987, 0.9928153291963276, 0.00044210526871542056, 0.0005454318473112061, 0.0003443244171671104, 0.9900163891593508, 0.00032189689600977767, 0.9905654229122618, 0.010877573431773192, 0.999265985201492, 0.00021505422811099275, 0.010854236286860535, 0.0007437760304055013, 0.0006401607338934012, 7.779453110761966e-05, 0.0004977774242705607, 0.00046849743670680907, 0.0005292906147004871, 0.0003836749001060927, 0.01086278554081095, 0.00682586887829846, 0.0003959504822733385]

gen_Xbest[4]:
[7.273728005623762e-05, 7.504133537321489e-05, 7.157788069834086e-05, 7.121508215119279e-05, 7.122800474011873e-05, 8.339545526220655e-05, 7.224650331394258e-05, 7.121068417666208e-05, 0.29915186867555554, 0.35326908017367925, 7.538149527149705e-05, 7.689080952033013e-05, 7.375886462235736e-05, 7.125280938335286e-05, 0.9998575727897787, 0.9998575879288032, 0.00031368539417203997, 7.414822287750449e-05, 0.9998529081856551, 7.13002925878753e-05, 0.7143422853309344, 7.49266290934637e-05, 0.9998499069527812, 0.9998460478458909, 0.9998379202020864, 0.999839255435719, 7.12149242997525e-05, 0.9998548916326714, 0.9998500130614968, 0.9998574559151227, 0.9992627219108257, 0.9998519733004638, 0.9998513657117127, 0.9998474853657109]
[7.273728005623762e-05, 7.504133537321489e-05, 7.157788069834086e-05, 7.121508215119279e-05, 0.9998575439905197, 0.9998332090894756, 0.9998555069933721, 7.121068417666208e-05, 0.03402551195083743, 6.321656701499392e-05, 0.999849237009457, 7.689080952033013e-05, 7.375886462235736e-05, 7.125280938335286e-05, 7.121360511062888e-05, 7.120603559841288e-05, 0.9996059972801467, 7.414822287750449e-05, 7.354590717247065e-05, 7.13002925878753e-05, 0.28559925248695256, 7.49266290934637e-05, 7.504652360941327e-05, 7.697607705453005e-05, 8.103989895680787e-05, 8.03722821405004e-05, 0.9998575701514005, 7.255418366431997e-05, 7.499346925160123e-05, 7.127204243869118e-05, 0.0006503806360222757, 7.40133497681026e-05, 7.431714414361238e-05, 7.625731714457673e-05]
[0.9998545254398875, 0.9998499173292535, 0.9998568442386033, 0.9998575698356976, 7.122800474011873e-05, 8.339545526220655e-05, 7.224650331394258e-05, 0.9998575786316467, 0.6668226193736071, 0.6466677032593058, 7.538149527149705e-05, 0.9998462183809593, 0.9998524822707553, 0.9998574943812333, 7.121360511062888e-05, 7.120603559841288e-05, 8.031732568140196e-05, 0.999851703554245, 7.354590717247065e-05, 0.9998573994148242, 5.846218211313912e-05, 0.9998501467418132, 7.504652360941327e-05, 7.697607705453005e-05, 8.103989895680787e-05, 8.03722821405004e-05, 7.12149242997525e-05, 7.255418366431997e-05, 7.499346925160123e-05, 7.127204243869118e-05, 8.689745315204112e-05, 7.40133497681026e-05, 7.431714414361238e-05, 7.625731714457673e-05]

gen_Xbest[5]:
[6.515031785996271e-05, 6.402825529308708e-05, 6.59843334019562e-05, 6.371455747658503e-05, 6.561283454248432e-05, 8.436894106846827e-05, 9.272497047881634e-05, 2.8054155016231913e-05, 0.7231996140893774, 0.4663955117576417, 1.975687886179384e-05, 6.452871762847938e-05, 2.7197537926576134e-05, 6.992853823025198e-06, 0.9997182565151165, 0.9998000435835448, 9.854166231321893e-05, 5.8486590607250974e-05, 0.9957111746188338, 3.385035306031478e-06, 0.8133517564851622, 7.596382023891125e-05, 0.9998459782949629, 0.9998674847554185, 0.9998391535700576, 0.9998220281458783, 0.390828748664096, 0.9999049109376044, 0.9999060881602473, 0.9998466521076966, 0.9997980391023816, 0.9998525791266872, 0.9998494925979815, 0.9998679686142339]
[4.2574351670882826e-05, 7.669518560658038e-05, 6.291931095941955e-05, 3.8121247246476923e-05, 0.8858055833784244, 0.9998348894851677, 0.9998145500590424, 6.353727505003877e-05, 9.596206077090074e-05, 8.882336332371661e-05, 0.987917301128647, 6.189639290769205e-05, 5.976602281251396e-05, 6.549904297838645e-06, 0.0001817619644078072, 9.99782082276323e-05, 0.9998309617912327, 4.668094529325971e-05, 3.219683612700663e-05, 6.402765079726863e-05, 0.18660302579308502, 4.866113200043614e-05, 6.392234733252555e-05, 6.6257622290765e-05, 6.822132607575166e-05, 0.00010432174110029996, 0.6091432230182708, 5.024112325897917e-05, 1.519483783988321e-05, 5.39168173437701e-05, 0.00015361051290670475, 8.04237934850385e-05, 0.00012155794791472613, 3.2043500007647175e-05]
[0.9998922753304691, 0.9998592765591002, 0.9998710963556386, 0.999898164195277, 0.11412880378703316, 8.074157376386222e-05, 9.272497047881634e-05, 0.9999084085699338, 0.2767044238498518, 0.5335156648790346, 0.012062941992491211, 0.9998735748894638, 0.999913036439261, 0.9999864572418792, 9.998152047571662e-05, 9.99782082276323e-05, 7.04965464541351e-05, 0.9998948324640995, 0.0042566285450392006, 0.9999325873138967, 4.521772175276034e-05, 0.9998753750477607, 9.009935770461763e-05, 6.6257622290765e-05, 9.26251038667536e-05, 7.365011302137453e-05, 2.8028317633195577e-05, 4.484793913653856e-05, 7.871700191283649e-05, 9.943107495950324e-05, 4.8350384711715565e-05, 6.699707982779006e-05, 2.894945410377063e-05, 9.998788575849581e-05]

gen_Xbest[6]:
[2.6438698897784694e-05, 9.94588834506565e-05, 9.998500954568743e-05, 9.965212181651746e-05, 0.0001226019298310966, 0.00020739172497615083, 9.95482505973878e-05, 7.320401168993789e-05, 0.9997758740994052, 0.08252636106638735, 8.874641901653671e-05, 9.976622144453505e-05, 0.00010743286089736145, 0.00017934552368113193, 0.9997430556394035, 0.9997484005922505, 9.998196433033076e-05, 0.00010040521814145539, 0.9998135644126229, 8.964796032945598e-05, 0.9998025067566351, 9.909007559848116e-05, 0.9997098946199523, 0.9998021197253615, 0.9998008013673001, 0.9996051409159644, 0.9998319793601838, 0.999796746447741, 0.9998277369809621, 0.9998892498337363, 0.9996217929778892, 0.9998023280512232, 0.9998007707212778, 0.9998542080406314]
[9.990562157761632e-05, 9.94588834506565e-05, 3.2059062883021794e-05, 7.490374183078277e-05, 0.999753045236952, 0.9995955652522727, 0.999776310701096, 9.960029194109571e-05, 0.00015799852952111694, 9.986279988083041e-05, 0.9998392295228183, 9.976622144453505e-05, 9.98052789983603e-05, 9.998462811746975e-05, 0.00011691945103125008, 0.00010976303931034785, 0.9995763046463056, 0.00017019235061209223, 8.647738499254326e-05, 9.951863069290469e-05, 9.874662168248643e-05, 0.0001749697098811042, 0.00014467101381343233, 9.894013731926388e-05, 9.959931634994039e-05, 0.00019056106520172115, 7.18903185383493e-05, 0.00010326541119914195, 0.00013090839607798804, 0.0001000754449313065, 0.0002790284001935436, 9.883597438844516e-05, 9.961463936107795e-05, 0.00014044139912515677]
[0.9998736556795247, 0.9998010822330987, 0.9998679559275714, 0.9998254441363527, 0.00012435283321696186, 0.00019704302275116184, 0.0001241410483066402, 0.9998271956963689, 6.612737107378173e-05, 0.9173737761337318, 7.202405816512425e-05, 0.9998004675571109, 0.9997927618601041, 0.9997206698482014, 0.0001400249095653593, 0.0001418363684391958, 0.00032371338936399894, 0.9997294024312464, 9.995820238454912e-05, 0.9998108334089777, 9.874662168248643e-05, 0.9997259402145204, 0.00014543436623430564, 9.894013731926388e-05, 9.959931634994039e-05, 0.0002042980188338881, 9.613032127801936e-05, 9.998814105992118e-05, 4.1354622960016225e-05, 1.0674721332536846e-05, 9.917862191710014e-05, 9.883597438844516e-05, 9.961463936107795e-05, 5.350560243514674e-06]

gen_Xbest[7]:
[7.322513825428778e-05, 6.922722827070527e-05, 6.84628897062913e-05, 7.09610951371737e-05, 7.550212775142268e-05, 6.961957794461609e-05, 6.89298221993607e-05, 6.854574882918608e-05, 0.9998255342480087, 7.428325685278284e-05, 6.980016446177969e-05, 6.910124636527286e-05, 7.183920740698478e-05, 7.307525455381565e-05, 0.9998595839543741, 0.9998529352491916, 6.982097621382116e-05, 7.035741702582706e-05, 0.9998581345390103, 7.046696253706019e-05, 0.9998593616069089, 7.01782227465646e-05, 0.999854416624241, 0.9998601936173922, 0.9998485147189793, 0.9998286551177888, 0.9998550061427395, 0.9998420024570145, 0.9998183365601758, 0.9998547706563288, 0.9998608866189734, 0.999819160304806, 0.9998599381425478, 0.9998464668317281]
[7.322513825428778e-05, 6.922722827070527e-05, 6.84628897062913e-05, 7.09610951371737e-05, 0.9998489957444971, 0.9998607608441108, 0.9998621403556013, 6.854574882918608e-05, 8.72328759956926e-05, 7.428325685278284e-05, 0.9998603996710764, 6.910124636527286e-05, 7.183920740698478e-05, 7.307525455381565e-05, 7.020802281292385e-05, 7.353237540419944e-05, 0.9998603580475723, 7.035741702582706e-05, 7.093273049489e-05, 7.046696253706019e-05, 7.031919654557454e-05, 7.01782227465646e-05, 7.279168787950183e-05, 6.99031913039299e-05, 7.574264051036142e-05, 8.567244110559913e-05, 7.249692863028403e-05, 7.899877149275653e-05, 9.083171991211539e-05, 7.261467183562455e-05, 6.955669051329167e-05, 9.041984759700416e-05, 7.00309287261087e-05, 7.676658413595073e-05]
[0.9998535497234914, 0.9998615455434586, 0.9998630742205874, 0.9998580778097257, 7.550212775142268e-05, 6.961957794461609e-05, 6.89298221993607e-05, 0.9998629085023416, 8.72328759956926e-05, 0.9998514334862945, 6.980016446177969e-05, 0.9998617975072694, 0.999856321585186, 0.9998538494908924, 7.020802281292385e-05, 7.353237540419944e-05, 6.982097621382116e-05, 0.9998592851659484, 7.093273049489e-05, 0.9998590660749259, 7.031919654557454e-05, 0.9998596435545068, 7.279168787950183e-05, 6.99031913039299e-05, 7.574264051036142e-05, 8.567244110559913e-05, 7.249692863028403e-05, 7.899877149275653e-05, 9.083171991211539e-05, 7.261467183562455e-05, 6.955669051329167e-05, 9.041984759700416e-05, 7.00309287261087e-05, 7.676658413595073e-05]

gen_Xbest[8]:
[7.322513825428778e-05, 6.922722827070527e-05, 6.84628897062913e-05, 7.09610951371737e-05, 7.550212775142268e-05, 6.961957794461609e-05, 6.89298221993607e-05, 6.854574882918608e-05, 0.9998255342480087, 7.428325685278284e-05, 6.980016446177969e-05, 6.910124636527286e-05, 7.183920740698478e-05, 7.307525455381565e-05, 0.9998595896292062, 0.9998529352491916, 6.982097621382116e-05, 7.035741702582706e-05, 0.9998581345390103, 7.046696253706019e-05, 0.999859367321995, 7.017539071723416e-05, 0.999854416624241, 0.9998601936173922, 0.9998485147189793, 0.9998286551177888, 0.9998550061427395, 0.9998420024570145, 0.9998183365601758, 0.9998547706563288, 0.9998608866189734, 0.999819160304806, 0.9998599381425478, 0.9998464668317281]
[7.322513825428778e-05, 6.922722827070527e-05, 6.84628897062913e-05, 7.09610951371737e-05, 0.9998489957444971, 0.9998607608441108, 0.9998621403556013, 6.854574882918608e-05, 8.72328759956926e-05, 7.428325685278284e-05, 0.9998603996710764, 6.910124636527286e-05, 7.183920740698478e-05, 7.307525455381565e-05, 7.020518539694768e-05, 7.353237540419944e-05, 0.9998603580475723, 7.035741702582706e-05, 7.093273049489e-05, 7.046696253706019e-05, 7.031633900254943e-05, 7.017539071723416e-05, 7.279168787950183e-05, 6.99031913039299e-05, 7.574264051036142e-05, 8.567244110559913e-05, 7.249692863028403e-05, 7.899877149275653e-05, 9.083171991211539e-05, 7.261467183562455e-05, 6.955669051329167e-05, 9.041984759700416e-05, 7.00309287261087e-05, 7.676658413595073e-05]
[0.9998535497234914, 0.9998615455434586, 0.9998630742205874, 0.9998580778097257, 7.550212775142268e-05, 6.961957794461609e-05, 6.89298221993607e-05, 0.9998629085023416, 8.72328759956926e-05, 0.9998514334862945, 6.980016446177969e-05, 0.9998617975072694, 0.999856321585186, 0.9998538494908924, 7.020518539694768e-05, 7.353237540419944e-05, 6.982097621382116e-05, 0.9998592851659484, 7.093273049489e-05, 0.9998590660749259, 7.031633900254943e-05, 0.9998596492185655, 7.279168787950183e-05, 6.99031913039299e-05, 7.574264051036142e-05, 8.567244110559913e-05, 7.249692863028403e-05, 7.899877149275653e-05, 9.083171991211539e-05, 7.261467183562455e-05, 6.955669051329167e-05, 9.041984759700416e-05, 7.00309287261087e-05, 7.676658413595073e-05]

gen_Xbest[9]:
[3.533088897205515e-05, 4.140241234813992e-05, 2.849457774856407e-05, 4.791686119278421e-05, 3.551016488001218e-05, 0.00016126927747038143, 1.419794178889097e-05, 2.6677508874371107e-05, 0.9999795549047638, 0.0001362126688938245, 2.075544246655248e-05, 1.9152270088582452e-05, 4.386271325576656e-05, 6.854432625970142e-05, 0.9998648968880547, 0.9999533202199301, 0.0001517598058787616, 4.016013785284925e-05, 0.9999325052818236, 9.998803350660865e-05, 0.9999459359515311, 3.231289760237717e-05, 0.999913619041429, 0.999967997329689, 0.9998898543505488, 0.9999385216198305, 0.9998824485848063, 0.9998096602016712, 0.9998674691912998, 0.9999366212043979, 0.9997371352664342, 0.9998744725328786, 0.9999570347164678, 0.9999203620535897]
[4.1440877175849395e-05, 3.685154568658715e-05, 2.5889484558598276e-05, 5.789177835284876e-05, 0.9998648212945317, 0.9996892068063055, 0.9998505889291905, 3.657140112637663e-05, 1.2007165411853913e-05, 0.00015572011716303, 0.9998476741953888, 3.0488491901510505e-05, 2.8208309388476117e-05, 3.728408747832211e-05, 0.00011614174371798731, 3.1413754198584755e-06, 0.999682934134177, 3.534984505533401e-05, 3.1993086858158703e-05, 0.0001433842341269857, 1.9169368546978518e-05, 0.00011393712149184812, 3.0013895095760063e-05, 2.6976051388328235e-05, 9.309825715197014e-05, 2.394811677197272e-05, 9.966198785208764e-05, 0.00014103160492220026, 8.237743366215636e-05, 3.303824251178455e-05, 0.00011191453725118035, 6.159287790085552e-05, 4.1468483660215946e-05, 5.013850274354571e-05]
[0.9999232282338522, 0.9999217460419654, 0.9999456159376929, 0.9998941913604544, 9.966854058834282e-05, 0.00014952391622419256, 0.0001352131290206379, 0.9999367510899992, 8.437929824450771e-06, 0.9997080672139431, 0.00013157036214467955, 0.9999503592380099, 0.9999279289773557, 0.9998941715862619, 1.8961368227343806e-05, 4.35384046500121e-05, 0.00016530605994425268, 0.9999244900170918, 3.550163131815704e-05, 0.9997566277323665, 3.489467992196461e-05, 0.9998537499809058, 5.6367063475372816e-05, 5.026618922609119e-06, 1.7047392299189157e-05, 3.7530263397509595e-05, 1.7889427341607973e-05, 4.93081934066854e-05, 5.01533750380738e-05, 3.0340553090341963e-05, 0.00015095019631458198, 6.393458922041348e-05, 1.4967998718330123e-06, 2.949944366682549e-05]

gen_Xbest[10]:
[3.533088897205515e-05, 4.140241234813992e-05, 2.849457774856407e-05, 4.791658286262611e-05, 3.551016488001218e-05, 0.00016126927747038143, 1.419794178889097e-05, 2.6678489337933808e-05, 0.9999795549047638, 0.00013618653023365334, 2.0754356478150572e-05, 1.915323463088389e-05, 4.386393833070693e-05, 6.854432625970142e-05, 0.999864901630428, 0.9999533177308213, 0.00015172687115410594, 4.0161121399398743e-05, 0.9999325030878174, 9.998803350660865e-05, 0.9999459334679335, 3.2311403199362233e-05, 0.9999136178649871, 0.9999679951534449, 0.9998898554680365, 0.9999385192514926, 0.9998824506479639, 0.9998096602016712, 0.9998674691912998, 0.999936618883305, 0.9997371352664342, 0.9998744725328786, 0.9999570347164678, 0.9999203620535897]
[4.1440877175849395e-05, 3.685154568658715e-05, 2.5889484558598276e-05, 5.789144208232893e-05, 0.9998648212945317, 0.9996892068063055, 0.9998505889291905, 3.657274521462753e-05, 1.2007165411853913e-05, 0.0001556902351024449, 0.999847682165542, 3.0490027356055058e-05, 2.820909723971415e-05, 3.728408747832211e-05, 0.00011613766692446421, 3.141542927618296e-06, 0.9996830029434176, 3.535071079484558e-05, 3.199412683626822e-05, 0.0001433842341269857, 1.917024915061434e-05, 0.00011393185214151113, 3.0014303861807817e-05, 2.697788581252414e-05, 9.309731261927145e-05, 2.394903932776101e-05, 9.966023867386037e-05, 0.00014103160492220026, 8.237743366215636e-05, 3.303945245632615e-05, 0.00011191453725118035, 6.159287790085552e-05, 4.1468483660215946e-05, 5.013850274354571e-05]
[0.9999232282338522, 0.9999217460419654, 0.9999456159376929, 0.9998941919750551, 9.966854058834282e-05, 0.00014952391622419256, 0.0001352131290206379, 0.9999367487654475, 8.437929824450771e-06, 0.9997081232346638, 0.0001315634779798368, 0.999950356738013, 0.9999279269644296, 0.9998941715862619, 1.8960702647676206e-05, 4.3540726251111726e-05, 0.00016527018542835797, 0.9999244881678058, 3.550278534620024e-05, 0.9997566277323665, 3.489628291592525e-05, 0.999853756744659, 5.636783115120052e-05, 5.026960742516062e-06, 1.7047219344077574e-05, 3.753170917974221e-05, 1.7889113362351903e-05, 4.93081934066854e-05, 5.01533750380738e-05, 3.0341664238629818e-05, 0.00015095019631458198, 6.393458922041348e-05, 1.4967998718330123e-06, 2.949944366682549e-05]

gen_Xbest[11]:
[3.533088897205515e-05, 4.140241234813992e-05, 2.849457774856407e-05, 4.791658286262611e-05, 3.551016488001218e-05, 0.00016126927747038143, 1.419794178889097e-05, 2.6678489337933808e-05, 0.9999795549047638, 0.00013618653023365334, 2.0754356478150572e-05, 1.915323463088389e-05, 4.386393833070693e-05, 6.854432625970142e-05, 0.999864901630428, 0.9999533177308213, 0.00015172687115410594, 4.0161121399398743e-05, 0.9999325030878174, 9.998803350660865e-05, 0.9999459334679335, 3.2311403199362233e-05, 0.9999136178649871, 0.9999679951534449, 0.9998898554680365, 0.9999385192514926, 0.9998824506479639, 0.9998096602016712, 0.9998674691912998, 0.999936618883305, 0.9997371352664342, 0.9998744725328786, 0.9999570347164678, 0.9999203620535897]
[4.1440877175849395e-05, 3.685154568658715e-05, 2.5889484558598276e-05, 5.789144208232893e-05, 0.9998648212945317, 0.9996892068063055, 0.9998505889291905, 3.657274521462753e-05, 1.2007165411853913e-05, 0.0001556902351024449, 0.999847682165542, 3.0490027356055058e-05, 2.820909723971415e-05, 3.728408747832211e-05, 0.00011613766692446421, 3.141542927618296e-06, 0.9996830029434176, 3.535071079484558e-05, 3.199412683626822e-05, 0.0001433842341269857, 1.917024915061434e-05, 0.00011393185214151113, 3.0014303861807817e-05, 2.697788581252414e-05, 9.309731261927145e-05, 2.394903932776101e-05, 9.966023867386037e-05, 0.00014103160492220026, 8.237743366215636e-05, 3.303945245632615e-05, 0.00011191453725118035, 6.159287790085552e-05, 4.1468483660215946e-05, 5.013850274354571e-05]
[0.9999232282338522, 0.9999217460419654, 0.9999456159376929, 0.9998941919750551, 9.966854058834282e-05, 0.00014952391622419256, 0.0001352131290206379, 0.9999367487654475, 8.437929824450771e-06, 0.9997081232346638, 0.0001315634779798368, 0.999950356738013, 0.9999279269644296, 0.9998941715862619, 1.8960702647676206e-05, 4.3540726251111726e-05, 0.00016527018542835797, 0.9999244881678058, 3.550278534620024e-05, 0.9997566277323665, 3.489628291592525e-05, 0.999853756744659, 5.636783115120052e-05, 5.026960742516062e-06, 1.7047219344077574e-05, 3.753170917974221e-05, 1.7889113362351903e-05, 4.93081934066854e-05, 5.01533750380738e-05, 3.0341664238629818e-05, 0.00015095019631458198, 6.393458922041348e-05, 1.4967998718330123e-06, 2.949944366682549e-05]

gen_Xbest[12]:
[3.533088897205515e-05, 4.140241234813992e-05, 2.849457774856407e-05, 4.791658286262611e-05, 3.551016488001218e-05, 0.00016126927747038143, 1.419794178889097e-05, 2.6678489337933808e-05, 0.9999795549047638, 0.00013618653023365334, 2.0754356478150572e-05, 1.915323463088389e-05, 4.386393833070693e-05, 6.854432625970142e-05, 0.999864901630428, 0.9999533177308213, 0.00015172687115410594, 4.0161121399398743e-05, 0.9999325030878174, 9.998803350660865e-05, 0.9999459334679335, 3.2311403199362233e-05, 0.9999136178649871, 0.9999679951534449, 0.9998898554680365, 0.9999385192514926, 0.9998824506479639, 0.9998096602016712, 0.9998674691912998, 0.999936618883305, 0.9997371352664342, 0.9998744725328786, 0.9999570347164678, 0.9999203620535897]
[4.1440877175849395e-05, 3.685154568658715e-05, 2.5889484558598276e-05, 5.789144208232893e-05, 0.9998648212945317, 0.9996892068063055, 0.9998505889291905, 3.657274521462753e-05, 1.2007165411853913e-05, 0.0001556902351024449, 0.999847682165542, 3.0490027356055058e-05, 2.820909723971415e-05, 3.728408747832211e-05, 0.00011613766692446421, 3.141542927618296e-06, 0.9996830029434176, 3.535071079484558e-05, 3.199412683626822e-05, 0.0001433842341269857, 1.917024915061434e-05, 0.00011393185214151113, 3.0014303861807817e-05, 2.697788581252414e-05, 9.309731261927145e-05, 2.394903932776101e-05, 9.966023867386037e-05, 0.00014103160492220026, 8.237743366215636e-05, 3.303945245632615e-05, 0.00011191453725118035, 6.159287790085552e-05, 4.1468483660215946e-05, 5.013850274354571e-05]
[0.9999232282338522, 0.9999217460419654, 0.9999456159376929, 0.9998941919750551, 9.966854058834282e-05, 0.00014952391622419256, 0.0001352131290206379, 0.9999367487654475, 8.437929824450771e-06, 0.9997081232346638, 0.0001315634779798368, 0.999950356738013, 0.9999279269644296, 0.9998941715862619, 1.8960702647676206e-05, 4.3540726251111726e-05, 0.00016527018542835797, 0.9999244881678058, 3.550278534620024e-05, 0.9997566277323665, 3.489628291592525e-05, 0.999853756744659, 5.636783115120052e-05, 5.026960742516062e-06, 1.7047219344077574e-05, 3.753170917974221e-05, 1.7889113362351903e-05, 4.93081934066854e-05, 5.01533750380738e-05, 3.0341664238629818e-05, 0.00015095019631458198, 6.393458922041348e-05, 1.4967998718330123e-06, 2.949944366682549e-05]

gen_Xbest[13]:
[4.4773181255666644e-05, 4.8289637526343035e-05, 2.8422488065195975e-05, 5.2614535512676054e-05, 5.291669216585447e-05, 0.00012472090132169584, 2.1456586677207014e-05, 3.939927892262312e-05, 0.9998932191477912, 8.308891296699102e-05, 8.774922867234609e-05, 3.2531592608314604e-05, 4.886737372775718e-05, 6.359918035657196e-05, 0.9999160960866209, 0.9999460545796037, 0.0001221444279104334, 3.37278522397178e-05, 0.9999274382908594, 8.043648431792248e-05, 0.9999488818505512, 5.66347425075512e-05, 0.9998643132123329, 0.9999603643340087, 0.9999374046298828, 0.9999345148670409, 0.9999270209556445, 0.9999041478913111, 0.9998910637556666, 0.999925797063036, 0.9998099303782094, 0.9998281617802582, 0.9999469130042833, 0.999923673362839]
[5.001768232803782e-05, 3.620318391628553e-05, 3.646464515819933e-05, 5.969268226075527e-05, 0.9998627759454974, 0.9997537518864356, 0.9999125485169759, 4.618633661841011e-05, 8.392506140255555e-05, 9.931841511894177e-05, 0.9998233978502946, 2.876759167582935e-05, 3.931479322595351e-05, 3.370616476595407e-05, 6.084224855323818e-05, 1.8517977327102286e-05, 0.9997947406400753, 4.970576690422031e-05, 3.901562108599701e-05, 6.29727495597285e-05, 2.5960109394306302e-05, 8.910261948528496e-05, 3.865453584363275e-05, 1.5109368325051235e-05, 3.699687626252527e-05, 2.9920675511588535e-05, 5.957327261643408e-05, 4.3767632950488506e-05, 5.079710153174056e-05, 3.1933803217132895e-05, 7.263303246252442e-05, 9.899595215902759e-05, 4.7833159018415156e-05, 3.546486743195945e-05]
[0.9999052091364163, 0.9999155071785574, 0.9999351128667766, 0.9998876927822267, 8.43073623367496e-05, 0.00012152721224282811, 6.599489634685361e-05, 0.999914414384459, 2.285579080630292e-05, 0.9998175926719141, 8.885292103310477e-05, 0.9999387008157158, 0.9999118178330464, 0.9999026946548775, 2.306166482595724e-05, 3.542744306925489e-05, 8.311493201427656e-05, 0.9999165663808561, 3.354608805463304e-05, 0.9998565907661224, 2.5158040054536797e-05, 0.9998542626380071, 9.703225182349636e-05, 2.4526297666201216e-05, 2.559849385471227e-05, 3.5564457447511627e-05, 1.3405771739139895e-05, 5.208447573840464e-05, 5.8139142801701345e-05, 4.22691337469248e-05, 0.00011743658932801059, 7.28422675827639e-05, 5.253836698268012e-06, 4.086176972887279e-05]

gen_Xbest[14]:
[4.508085524717928e-05, 4.147783973675837e-05, 3.881444930461302e-05, 4.470407902721907e-05, 7.111546484082628e-05, 6.962336142191903e-05, 3.7883436609314854e-05, 4.3718443046772294e-05, 0.9998252491511426, 9.854888004966531e-05, 6.437407047713307e-05, 9.998036349159112e-05, 5.8878386662180485e-05, 5.114721364342147e-05, 0.9998969317378473, 0.9998941729406056, 5.38444189359847e-05, 3.8479084746508424e-05, 0.9999152393879923, 8.732431292021832e-05, 0.999841563286156, 4.2191987355905805e-05, 0.9998915586033358, 0.9999216806628202, 0.9998941714664887, 0.9998513692015984, 0.9998600010551144, 0.9998982666606958, 0.9998875248204814, 0.9999165279207965, 0.9998676309926744, 0.9998891501863062, 0.9999120096781114, 0.9999122507937178]
[4.156500117439025e-05, 3.911003758599694e-05, 4.069918762481779e-05, 4.72452831180316e-05, 0.999829447051388, 0.9998610499514445, 0.9998683799150027, 4.1904094516588015e-05, 7.524544505715204e-05, 5.227878669450477e-05, 0.9998882291807525, 5.0499966804254796e-05, 4.3191746540711716e-05, 4.3798885542178374e-05, 6.661858165146334e-05, 6.212593710863877e-05, 0.9998793566875563, 4.257045532296291e-05, 4.1208857834117836e-05, 8.263959137673452e-05, 9.974254974499446e-05, 5.796507762147738e-05, 4.34254938666746e-05, 3.7847630055669454e-05, 6.040266768949212e-05, 5.1000724103455486e-05, 9.984122307686061e-05, 4.785109459389358e-05, 6.613513333426202e-05, 4.0221156337135945e-05, 8.029392601800088e-05, 5.8224720455507193e-05, 3.955742821000844e-05, 4.550160554148035e-05]
[0.9999133541435784, 0.9999194121226772, 0.9999204863630706, 0.9999080506378547, 9.943748377123313e-05, 6.932668713344549e-05, 9.373664838810429e-05, 0.9999143774624366, 9.950540380031571e-05, 0.9998491723332558, 4.7396748770413536e-05, 0.999849519669704, 0.9998979298667972, 0.9999050539008144, 3.644968050111034e-05, 4.370112228584231e-05, 6.679889350768481e-05, 0.9999189504599305, 4.355175417354405e-05, 0.9998300360957031, 5.869416409904803e-05, 0.9998998429350227, 6.501590279740204e-05, 4.047170712415519e-05, 4.542586582187737e-05, 9.763007429804429e-05, 4.01577218087741e-05, 5.388224471015621e-05, 4.63400461842281e-05, 4.325092286635912e-05, 5.207508130760811e-05, 5.262509323837742e-05, 4.843289367860252e-05, 4.2247600740773516e-05]

gen_Xbest[15]:
[3.2193763110818285e-05, 1.775290353393779e-05, 1.3357097953285309e-05, 1.6936626840840368e-05, 4.0479150954443596e-05, 5.811942745785051e-05, 7.567696686559841e-06, 1.972136350249406e-05, 0.9998379605766947, 9.651636685721253e-05, 3.005701284746396e-05, 9.234979385568872e-05, 4.0981931257284055e-05, 1.852336528013499e-05, 0.9999018919801895, 0.999919150819603, 5.9065769589715974e-05, 3.467676911212867e-05, 0.9999739391500775, 6.558106907575036e-05, 0.9998710524831456, 3.666791561148596e-05, 0.9999430358694562, 0.9999671016950175, 0.9999050725645038, 0.999887378420539, 0.999923077661608, 0.9998662993641928, 0.9999390765800518, 0.9999664634101569, 0.999906718696546, 0.9998529930912227, 0.99996497505235, 0.9999491389538228]
[1.280626717645968e-05, 3.282557028435167e-05, 1.655673112859788e-05, 2.6405049384738844e-05, 0.9998895384679137, 0.9998446006724921, 0.9999197531598221, 1.6617681870334685e-05, 7.914496935806682e-05, 2.9628463987812396e-05, 0.9998720268212197, 1.1136291866489713e-05, 1.713212241342233e-05, 4.501073179622429e-05, 7.751306975251303e-05, 5.904154816642272e-05, 0.9998409712918248, 3.335959640093666e-05, 1.988744259618575e-05, 7.428841715417388e-05, 9.696784378032097e-05, 3.335303249492642e-05, 2.3387338492635076e-05, 2.027699571675935e-05, 2.928834632254269e-05, 4.798110893282426e-05, 6.020527946920665e-05, 9.998490489391111e-05, 3.4367859977432085e-05, 2.7384030459293278e-05, 6.29450675762931e-05, 0.00010060219793292504, 1.6136172587804704e-05, 3.2548090210386145e-05]
[0.9999549999697128, 0.9999494215261816, 0.9999700861709181, 0.9999566583237744, 6.998238113195017e-05, 9.72799000498992e-05, 7.267914349137648e-05, 0.9999636609546272, 8.289445394728636e-05, 0.999873855169155, 9.79161659328215e-05, 0.9998965139142779, 0.9999418859463293, 0.9999364659029237, 2.0594950057983557e-05, 2.18076322305831e-05, 9.996293858552804e-05, 0.9999319636344869, 6.173407326410221e-06, 0.9998601305137701, 3.1979673074049e-05, 0.9999299790518935, 3.3576792051076586e-05, 1.2621309265848377e-05, 6.563908917371163e-05, 6.46404705281823e-05, 1.6717058922689332e-05, 3.3715730913338444e-05, 2.6555559970818825e-05, 6.1525593838327705e-06, 3.0336235877673014e-05, 4.6404710844378455e-05, 1.88887750622108e-05, 1.831295596686399e-05]

gen_Xbest[16]:
[3.2193763110818285e-05, 1.775290353393779e-05, 1.3357097953285309e-05, 1.6936626840840368e-05, 4.0479150954443596e-05, 5.811942745785051e-05, 7.567696686559841e-06, 1.972136350249406e-05, 0.9998379605766947, 9.651636685721253e-05, 3.005701284746396e-05, 9.234979385568872e-05, 4.0981931257284055e-05, 1.852336528013499e-05, 0.9999018919801895, 0.999919150819603, 5.9065769589715974e-05, 3.467676911212867e-05, 0.9999739391500775, 6.558106907575036e-05, 0.9998710524831456, 3.666791561148596e-05, 0.9999430358694562, 0.9999671016950175, 0.9999050725645038, 0.999887378420539, 0.999923077661608, 0.9998662993641928, 0.9999390765800518, 0.9999664634101569, 0.999906718696546, 0.9998529930912227, 0.99996497505235, 0.9999491389538228]
[1.280626717645968e-05, 3.282557028435167e-05, 1.655673112859788e-05, 2.6405049384738844e-05, 0.9998895384679137, 0.9998446006724921, 0.9999197531598221, 1.6617681870334685e-05, 7.914496935806682e-05, 2.9628463987812396e-05, 0.9998720268212197, 1.1136291866489713e-05, 1.713212241342233e-05, 4.501073179622429e-05, 7.751306975251303e-05, 5.904154816642272e-05, 0.9998409712918248, 3.335959640093666e-05, 1.988744259618575e-05, 7.428841715417388e-05, 9.696784378032097e-05, 3.335303249492642e-05, 2.3387338492635076e-05, 2.027699571675935e-05, 2.928834632254269e-05, 4.798110893282426e-05, 6.020527946920665e-05, 9.998490489391111e-05, 3.4367859977432085e-05, 2.7384030459293278e-05, 6.29450675762931e-05, 0.00010060219793292504, 1.6136172587804704e-05, 3.2548090210386145e-05]
[0.9999549999697128, 0.9999494215261816, 0.9999700861709181, 0.9999566583237744, 6.998238113195017e-05, 9.72799000498992e-05, 7.267914349137648e-05, 0.9999636609546272, 8.289445394728636e-05, 0.999873855169155, 9.79161659328215e-05, 0.9998965139142779, 0.9999418859463293, 0.9999364659029237, 2.0594950057983557e-05, 2.18076322305831e-05, 9.996293858552804e-05, 0.9999319636344869, 6.173407326410221e-06, 0.9998601305137701, 3.1979673074049e-05, 0.9999299790518935, 3.3576792051076586e-05, 1.2621309265848377e-05, 6.563908917371163e-05, 6.46404705281823e-05, 1.6717058922689332e-05, 3.3715730913338444e-05, 2.6555559970818825e-05, 6.1525593838327705e-06, 3.0336235877673014e-05, 4.6404710844378455e-05, 1.88887750622108e-05, 1.831295596686399e-05]

gen_Xbest[17]:
[3.2193763110818285e-05, 1.775290353393779e-05, 1.3357097953285309e-05, 1.6936626840840368e-05, 4.0479150954443596e-05, 5.811942745785051e-05, 7.567696686559841e-06, 1.972136350249406e-05, 0.9998379605766947, 9.651636685721253e-05, 3.005701284746396e-05, 9.234979385568872e-05, 4.0981931257284055e-05, 1.852336528013499e-05, 0.9999018919801895, 0.999919150819603, 5.9065769589715974e-05, 3.467676911212867e-05, 0.9999739391500775, 6.558106907575036e-05, 0.9998710524831456, 3.666791561148596e-05, 0.9999430358694562, 0.9999671016950175, 0.9999050725645038, 0.999887378420539, 0.999923077661608, 0.9998662993641928, 0.9999390765800518, 0.9999664634101569, 0.999906718696546, 0.9998529930912227, 0.99996497505235, 0.9999491389538228]
[1.280626717645968e-05, 3.282557028435167e-05, 1.655673112859788e-05, 2.6405049384738844e-05, 0.9998895384679137, 0.9998446006724921, 0.9999197531598221, 1.6617681870334685e-05, 7.914496935806682e-05, 2.9628463987812396e-05, 0.9998720268212197, 1.1136291866489713e-05, 1.713212241342233e-05, 4.501073179622429e-05, 7.751306975251303e-05, 5.904154816642272e-05, 0.9998409712918248, 3.335959640093666e-05, 1.988744259618575e-05, 7.428841715417388e-05, 9.696784378032097e-05, 3.335303249492642e-05, 2.3387338492635076e-05, 2.027699571675935e-05, 2.928834632254269e-05, 4.798110893282426e-05, 6.020527946920665e-05, 9.998490489391111e-05, 3.4367859977432085e-05, 2.7384030459293278e-05, 6.29450675762931e-05, 0.00010060219793292504, 1.6136172587804704e-05, 3.2548090210386145e-05]
