gen_Xbest[0]:
[9.566214404665041e-05, 9.69267625158921e-05, 9.617000241982547e-05, 9.601186388307788e-05, 0.18994773809889992, 9.853204094195798e-05, 9.417015890869195e-05, 9.714261233121091e-05, 0.4613479000484288, 0.6663479227547192, 7.722707711538316e-05, 9.544967438517505e-05, 0.6665436032355899, 9.593594322670435e-05, 0.0006493853202871176, 0.6665372233033479, 9.527926567299263e-05, 0.0003886914657293538, 0.42683659785917644, 9.993132463931371e-05, 0.3333992467833416, 9.315096021397962e-05, 0.33372943720793874, 0.9998080997813329, 0.9998089960533657, 0.999299640859247, 0.33363503760717345, 0.9998101357757246, 0.7273391417498599, 0.999805306524485, 0.6416898913279011, 9.681031928751937e-05, 0.3333976985119838, 0.999505122060191]
[9.566214404665041e-05, 9.69267625158921e-05, 9.617000241982547e-05, 9.601186388307788e-05, 0.8099746807280734, 0.9996379083854345, 0.9998116596821827, 9.714261233121091e-05, 6.443640178063745e-05, 0.00025646330051717057, 0.7882035374651049, 9.544967438517505e-05, 6.153171553834798e-05, 0.000717534736046073, 0.33339823290438475, 0.3333980550149928, 0.9998094414686539, 0.6490327467948378, 0.5730975346220893, 0.20417965865679685, 0.23907967468134442, 9.315096021397962e-05, 6.571505990851465e-05, 9.595010933356961e-05, 9.550197331718465e-05, 9.827041891393791e-05, 6.568749414070177e-05, 9.49321121377111e-05, 0.27256188706665185, 9.734673775750488e-05, 0.024911528156789594, 0.9998063793614249, 0.6665379363093656, 0.00039892134028810867]
[0.9998086757119067, 0.9998061464749682, 0.9998076599951604, 0.9998079762722338, 7.758117302672057e-05, 0.00026355957362348407, 9.417015890869195e-05, 0.9998057147753375, 0.5385876635497906, 0.3333956139447636, 0.2117192354577797, 0.9998091006512296, 0.33339486504887167, 0.9991865293207273, 0.665952381775328, 6.472168165944782e-05, 9.527926567299263e-05, 0.35057856173943297, 6.586751873429089e-05, 0.7957204100185639, 0.4275210785353139, 0.999813698079572, 0.6662048477321527, 9.595010933356961e-05, 9.550197331718465e-05, 0.0006020887218391098, 0.6662992748986859, 9.49321121377111e-05, 9.897118348810231e-05, 9.734673775750488e-05, 0.3333985805153094, 9.681031928751937e-05, 6.436517865048722e-05, 9.595659952095381e-05]

gen_Xbest[1]:
[9.105957593211334e-05, 0.00017627481096552127, 9.479824000700924e-05, 0.00010155512040110193, 9.84973305095629e-05, 9.737134871492059e-05, 9.327477496572652e-05, 9.366492575868133e-05, 9.829632616510706e-05, 0.6671419463514364, 9.49010805999194e-05, 0.00018771985898034135, 8.155194198522826e-05, 9.966074507647242e-05, 7.308827806850103e-05, 0.6665445248217937, 0.00016866440568138284, 0.00013301279175540403, 0.333396456898743, 9.92840060394352e-05, 0.5250071811365119, 9.99668764893676e-05, 0.9998589435358166, 0.9998058685401024, 0.9998123632915434, 0.6665372388636077, 0.3333967517697656, 0.9997329844206988, 0.9998160290451769, 0.9998184994099765, 7.38449553655806e-05, 0.3333935198718014, 0.3333890933932451, 0.9998117350687694]
[9.151648721235048e-05, 9.29660918598089e-05, 9.479824000700924e-05, 9.868684916507873e-05, 0.9998015319684481, 0.9998052573025702, 0.999813978830058, 9.366492575868133e-05, 9.59109080359844e-05, 6.46873343354563e-05, 0.9998125324795645, 0.00010282989160657762, 8.155194198522826e-05, 9.340327639270279e-05, 0.9998538234438631, 0.33339440425576977, 0.9997314339638116, 8.431769643121853e-05, 0.6665404195358475, 9.73061361948338e-05, 0.4749296911301337, 0.00010590443459816177, 7.05282320917494e-05, 9.928039204779302e-05, 9.798707303286977e-05, 0.3333999302378584, 6.307612946506851e-05, 0.00010112653974869194, 9.198547741158449e-05, 8.619120698748743e-05, 7.38449553655806e-05, 0.6665508419772629, 0.6665599256689579, 9.176055033526743e-05]
[0.9998174239368556, 0.9997307590971747, 0.999810403519986, 0.9997997580304339, 9.997070104239732e-05, 9.737134871492059e-05, 9.274639497641638e-05, 0.9998126701484826, 0.999805792765799, 0.33279336631422807, 9.256643983567772e-05, 0.999709450249413, 0.9998368961160297, 0.9998069359785309, 7.308827806850103e-05, 6.107092243644577e-05, 9.990163050707586e-05, 0.9997826695118134, 6.312356540960397e-05, 0.9998034098577657, 6.312773335436028e-05, 0.9997941286889125, 7.05282320917494e-05, 9.485106784987721e-05, 8.964963542376879e-05, 6.283089853388662e-05, 0.6665401721007693, 0.00016588903955254666, 9.198547741158449e-05, 9.530938303613844e-05, 0.9998523100892689, 5.563815093565327e-05, 5.0980937797005914e-05, 9.650438089537017e-05]

gen_Xbest[2]:
[0.00022049100305298426, 0.0002305253667929093, 0.00029279759617336536, 0.0002456036821382965, 0.0001965838280896214, 0.00019984420894465224, 0.00020003809816000263, 0.00021319530702191381, 0.3336534238098004, 0.33345874461928626, 0.0002312808966456377, 0.00019677996824272247, 0.000145147605994382, 0.0002267450098997239, 0.9996447910325766, 0.3334294946180552, 0.00021342626114444254, 0.00018591504173154678, 0.9996384155038326, 0.00021739083281106683, 0.9996109098845017, 0.0002098044860930039, 0.9996113919538171, 0.9995722893057746, 0.999710441513743, 0.3334013669187896, 0.9996835508668254, 0.9995818671843189, 0.9996294737345821, 0.9995767266709983, 0.999723661969521, 0.9997930380722363, 0.9996005588897163, 0.9996119967426889]
[0.00022049100305298426, 0.00022630268903399816, 0.00024109393774737867, 0.00024252514483117033, 0.9996068323438209, 0.9996003115821107, 0.99959992380368, 0.00021319530702191381, 0.0001690176711531989, 0.0002479070615026348, 0.999629315845195, 0.00019677996824272247, 0.0002615405365556954, 0.0002267450098997239, 0.00017275142979794012, 0.6664743440972228, 0.9995731474777112, 0.00018591504173154678, 0.00018079224808367024, 0.00021739083281106683, 0.00019454505774916815, 0.0002098044860930039, 0.0001943040230914926, 0.00024089744306744296, 0.0001447792431284066, 0.6665305994957541, 0.00018520371764244023, 0.0002090664078406231, 0.00018526313270895758, 0.00021163666450076812, 0.00013816901523953386, 0.00010348096388184861, 0.00019972055514186457, 0.00019400162865558713]
[0.9995590179938941, 0.9995431719441731, 0.9994661084660793, 0.9995118711730304, 0.0001965838280896214, 0.00019984420894465224, 0.00020003809816000263, 0.9995736093859562, 0.6661775585190464, 0.6662933483192112, 0.00013940325815946128, 0.9996064400635146, 0.9995933118574499, 0.9995465099802006, 0.00018245753762554252, 9.616128472190185e-05, 0.00021342626114444254, 0.9996281699165369, 0.00018079224808367024, 0.999565218334378, 0.00019454505774916815, 0.9995803910278139, 0.0001943040230914926, 0.00018681325115790277, 0.0001447792431284066, 6.803358545625467e-05, 0.00013124541553233643, 0.0002090664078406231, 0.00018526313270895758, 0.00021163666450076812, 0.00013816901523953386, 0.00010348096388184861, 0.00019972055514186457, 0.00019400162865558713]

gen_Xbest[3]:
[9.844682618513998e-05, 9.892988014953702e-05, 9.865376500780959e-05, 9.855303968922176e-05, 1.6449435649351315e-05, 9.779718725483922e-05, 9.74417490511015e-05, 9.894019558021425e-05, 0.9986739770372979, 0.6665410417194768, 9.79971537233646e-05, 9.913750587484783e-05, 0.0001942116084938565, 9.843158760203713e-05, 0.9998862922440797, 0.999808475190726, 9.818623804042296e-05, 9.969313097312955e-05, 0.9998010928125753, 9.986988302933452e-05, 0.999803711626586, 9.919734285665156e-05, 0.9998058991700989, 0.9998044579158833, 0.999823345051407, 0.9998128394410117, 0.9998045518120087, 0.9998040972978, 0.9994999736375495, 0.9997980513997642, 0.9998016049681643, 0.9998039269062882, 0.9995810571267044, 0.999802791710955]
[9.844682618513998e-05, 9.892988014953702e-05, 9.865376500780959e-05, 9.855303968922176e-05, 0.9998844502205245, 0.9998044056254903, 0.9998051165018979, 9.894019558021425e-05, 9.986098392128403e-05, 6.630052328029335e-05, 0.9998040056925533, 2.0761070850739016e-05, 9.908923899735936e-05, 9.843158760203713e-05, 9.805059035057238e-05, 9.207066465859547e-05, 0.9998036275239192, 9.969313097312955e-05, 9.945359371233584e-05, 0.00013660174882225616, 9.814418670702319e-05, 9.919734285665156e-05, 9.705041495053144e-05, 9.77710420583546e-05, 7.734539315024462e-05, 8.780082716082701e-05, 9.772409399565303e-05, 9.795135110001185e-05, 0.000400734566527577, 9.898426747700414e-05, 9.91975159178514e-05, 9.803654685592398e-05, 9.798494280621686e-05, 9.860414452251595e-05]
[0.9998031063476297, 0.9998021402397009, 0.9998026924699844, 0.9998028939206216, 9.910034382612627e-05, 9.779718725483922e-05, 9.74417490511015e-05, 0.9998021196088396, 0.001226161978780937, 0.33339265775724297, 9.79971537233646e-05, 0.9998801014232744, 0.9997066991525088, 0.9998031368247959, 1.5657165569794914e-05, 9.945414461544259e-05, 9.818623804042296e-05, 0.9998006137380537, 9.945359371233584e-05, 0.9997635283681484, 9.814418670702319e-05, 0.9998016053142867, 9.705041495053144e-05, 9.77710420583546e-05, 9.930955544262666e-05, 9.93597318275119e-05, 9.772409399565303e-05, 9.795135110001185e-05, 9.929179592304173e-05, 0.0001029643327588955, 9.91975159178514e-05, 9.803654685592398e-05, 0.0003209579304894534, 9.860414452251595e-05]

gen_Xbest[4]:
[9.750794104675216e-05, 9.766196269033241e-05, 4.9567001451821764e-05, 9.884172537480999e-05, 5.561385486040733e-05, 9.71379593120624e-05, 7.830362333434097e-05, 9.824443793058011e-05, 0.9983893838903274, 0.6071463162005346, 9.877857504670625e-05, 9.941718313784118e-05, 0.00028626001281736527, 9.770137727378584e-05, 0.9998248378658986, 0.9998036337729617, 8.835035733263815e-05, 9.97403647474294e-05, 0.9998076547606328, 9.434034777399878e-05, 0.9997652421580657, 9.801593405147733e-05, 0.9997671327124124, 0.9998013664560619, 0.9998087350110126, 0.9998256417931863, 0.9997950081868113, 0.9998026672312295, 0.9995030550934831, 0.9997796302563193, 0.9997946064731296, 0.9998388924502077, 0.9998150493681582, 0.9998049993237411]
[9.750794104675216e-05, 9.115848500547901e-05, 9.89891026281048e-05, 7.437451322894181e-05, 0.9998453759274332, 0.9998057240813759, 0.9998238758540476, 9.824443793058011e-05, 9.644004740684931e-05, 7.486642436860659e-05, 0.9998227618336438, 9.941718313784118e-05, 3.843980396839266e-05, 9.770137727378584e-05, 7.517298868154542e-05, 9.787301859925938e-05, 0.9998491121745434, 0.00015479930797548204, 9.287781202914239e-05, 0.00020541322818231201, 0.00010979530357616067, 9.801593405147733e-05, 8.665903446232813e-05, 0.00010122980459339521, 9.563249449369966e-05, 9.417083809144339e-05, 0.00010037912834661743, 9.866638438528233e-05, 0.00039853065201629536, 0.0001225560994524054, 0.00011388762031229621, 9.78624757064377e-05, 8.637641516530265e-05, 9.750033812944484e-05]
[0.9998049841179065, 0.9998111795523043, 0.9998514438959201, 0.9998267837613963, 9.90102177065334e-05, 9.71379593120624e-05, 9.782052261808738e-05, 0.9998035111241389, 0.001514176062265818, 0.39277881737509684, 7.845959130957871e-05, 0.9998011656337243, 0.9996753001832143, 0.9998045972454525, 9.998914541987245e-05, 9.849320843913518e-05, 6.253746812397272e-05, 0.9997454603272772, 9.946742733800659e-05, 0.9997002464240438, 0.00012496253835819518, 0.9998039681318971, 0.00014620825312531416, 9.740373934479562e-05, 9.563249449369966e-05, 8.018736872222396e-05, 0.00010461268484206364, 9.866638438528233e-05, 9.841425450063516e-05, 9.781364422829868e-05, 9.150590655818934e-05, 6.324507408573147e-05, 9.857421667635456e-05, 9.750033812944484e-05]

gen_Xbest[5]:
[0.00011402229849918228, 2.5366833036306244e-05, 9.998651052163133e-05, 9.72111076211699e-05, 7.414783640633436e-05, 9.686480996262648e-05, 9.887197405916172e-05, 9.586358066452302e-05, 0.9988495991559487, 0.5268372054378887, 0.00012700192210950416, 9.726540863454451e-05, 9.508725356438186e-05, 9.99898745079836e-05, 0.9998666975126047, 0.9998253301027751, 9.587614985744896e-05, 8.73146312767487e-05, 0.9998450932254459, 8.542012699756973e-05, 0.9997533015576215, 9.894901192766501e-05, 0.9998156434089701, 0.9997474646619862, 0.9997371987725218, 0.9998901962845477, 0.9998862588633389, 0.9998043353303698, 0.999684061009386, 0.9998953798515475, 0.999867608420081, 0.9998155137459779, 0.9997719371589803, 0.9998108514148959]
[9.998567830250126e-05, 8.872981840721381e-05, 9.201442626907766e-05, 9.99880356268223e-05, 0.9998637249327961, 0.9998031548284271, 0.9997775224559804, 9.998627221028456e-05, 5.442509397820641e-05, 8.326773294451433e-05, 0.9997777091182406, 9.998489446783156e-05, 2.2347517515973564e-05, 3.0726581866291196e-05, 3.496046658207921e-05, 7.469749462639185e-05, 0.9998276038438143, 9.254607979135487e-05, 9.647160027165384e-05, 9.148254910327964e-05, 0.00014998257009584, 0.00012841460459598917, 9.217829551494584e-05, 0.0001525494900491333, 9.58338096102133e-05, 6.41117999163234e-05, 9.162882493149959e-06, 0.00012893402707236243, 0.00021595887530256815, 7.387412631491559e-05, 8.09370737101978e-05, 0.0001042967670506757, 0.0001305784989643402, 9.998571608981326e-05]
[0.9997859920231983, 0.9998859033485564, 0.9998079990632093, 0.999802800856752, 6.212723079749195e-05, 9.99803616103165e-05, 0.00012360556996058992, 0.9998041501471252, 0.001095975750073127, 0.4730795268291669, 9.528895964986428e-05, 0.9998027496968978, 0.9998825652289196, 0.9998692835436257, 9.834202081334576e-05, 9.997240259852303e-05, 7.652000632825191e-05, 0.999820139288932, 5.843517428248101e-05, 0.9998230973238991, 9.671587228264421e-05, 0.9997726363834764, 9.217829551494584e-05, 9.998584796471662e-05, 0.0001669674178680841, 4.569191553607786e-05, 0.00010457825416795806, 6.673064255783461e-05, 9.998011531146207e-05, 3.0746022137651596e-05, 5.1454506208752825e-05, 8.018948697142915e-05, 9.74843420552638e-05, 8.91628690143017e-05]

gen_Xbest[6]:
[9.280551608126461e-05, 9.140896743667754e-05, 9.240271866454416e-05, 9.3206695923578e-05, 3.443848548477431e-05, 9.089462927699014e-05, 9.553804155241974e-05, 8.64340771720156e-05, 0.9998948333931403, 0.19216177686738245, 9.984901256143891e-05, 9.29268934130579e-05, 0.00019340419325726468, 9.328532436892901e-05, 0.9998574835928514, 0.9997511402826144, 9.479552804503985e-05, 9.510627535259188e-05, 0.9998358287834037, 9.155812411824149e-05, 0.9998271456885834, 9.238963776764117e-05, 0.999808697221849, 0.9998158686595174, 0.9998039833829361, 0.9998297628872106, 0.9998171477417926, 0.9998268631581096, 0.9998127801509777, 0.9998106702324577, 0.9998300556060364, 0.9998167800802632, 0.9998179615508648, 0.9998981505221465]
[0.03624149637634972, 9.140896743667754e-05, 9.240271866454416e-05, 9.3206695923578e-05, 0.999873570712182, 0.9998182107414461, 0.9998089239168951, 8.64340771720156e-05, 4.877941812981429e-05, 8.066606256160357e-05, 0.9998420229940013, 9.29268934130579e-05, 0.0004660605238785998, 9.328532436892901e-05, 9.232252242243652e-05, 0.00014896517570793644, 0.9998104089439099, 1.3470564088470351e-05, 8.20856082981446e-05, 4.784186270766382e-05, 8.642715570827263e-05, 9.238963776764117e-05, 9.565138907552406e-05, 9.206567024131517e-05, 9.64890376604669e-05, 3.9483958692033834e-05, 9.142612910370715e-05, 8.656842094516448e-05, 9.613856142796704e-05, 9.466488377116184e-05, 8.49721969817825e-05, 9.160995986838814e-05, 9.101922456762877e-05, 9.653850283771059e-05]
[0.9636656981075691, 0.9998171820651267, 0.999815194562671, 0.9998135866081529, 9.199080233323936e-05, 9.089462927699014e-05, 9.553804155241974e-05, 0.9998271318456559, 5.638718872985278e-05, 0.807757557070056, 5.812799343717978e-05, 0.999814146213174, 0.9993405352828642, 0.9998134293512622, 5.019388472618954e-05, 9.989454167774376e-05, 9.479552804503985e-05, 0.9998914231605589, 8.20856082981446e-05, 0.9998606000131741, 8.642715570827263e-05, 0.9998152207244647, 9.565138907552406e-05, 9.206567024131517e-05, 9.952757940335036e-05, 0.00013075315409735497, 9.142612910370715e-05, 8.656842094516448e-05, 9.108128759420415e-05, 9.466488377116184e-05, 8.49721969817825e-05, 9.160995986838814e-05, 9.101922456762877e-05, 5.310975015905841e-06]

gen_Xbest[7]:
[8.260711863753368e-05, 7.877087783934866e-05, 8.497644516051146e-05, 8.114663316661003e-05, 7.76606881131625e-05, 7.799527340062224e-05, 8.019769670224199e-05, 7.704478984636478e-05, 0.9998251927195196, 0.12874839972564184, 7.790721306230464e-05, 7.717691295789248e-05, 7.668053904016555e-05, 8.471738621101812e-05, 0.999847211189143, 0.9997740911509038, 7.835124592949835e-05, 7.626792083304856e-05, 0.999847455789953, 8.007116710055664e-05, 0.9998464333171135, 8.517786574330246e-05, 0.9998433661664328, 0.9998386449596062, 0.9998424583995362, 0.9998422631764156, 0.9998410151903676, 0.9998411247065105, 0.9998340508089931, 0.9998444486729544, 0.9998405553968667, 0.9998407375246926, 0.999836868024197, 0.9998468850974763]
[0.03591964872601782, 7.877087783934866e-05, 7.643697853912629e-05, 8.114663316661003e-05, 0.9998446786237738, 0.9998440094531987, 0.9998396046065955, 7.704478984636478e-05, 8.740364024017146e-05, 9.69248994684585e-05, 0.9998441855738754, 7.717691295789248e-05, 7.668053904016555e-05, 8.261633027546037e-05, 7.639440542851624e-05, 0.0001457261243140693, 0.999843297508141, 7.626792083304856e-05, 7.627210502347747e-05, 8.007116710055664e-05, 7.678334144324851e-05, 8.517786574330246e-05, 7.831691678357272e-05, 8.067752019693186e-05, 7.877080023190454e-05, 7.886841179223337e-05, 7.949240481618501e-05, 7.943764674473512e-05, 8.297459550342852e-05, 7.77756635228219e-05, 7.972230156665327e-05, 7.963123765372845e-05, 8.156598790150003e-05, 7.655745126182686e-05]
[0.9639977441553446, 0.9998424582443213, 0.9998385865763004, 0.9998377067336669, 7.76606881131625e-05, 7.799527340062224e-05, 8.019769670224199e-05, 0.9998459104203072, 8.740364024017146e-05, 0.8711546753748898, 7.790721306230464e-05, 0.9998456461740842, 0.9998466389219197, 0.9998326662835136, 7.639440542851624e-05, 8.018272478219193e-05, 7.835124592949835e-05, 0.9998474641583339, 7.627210502347747e-05, 0.9998398576657989, 7.678334144324851e-05, 0.9998296442685134, 7.831691678357272e-05, 8.067752019693186e-05, 7.877080023190454e-05, 7.886841179223337e-05, 7.949240481618501e-05, 7.943764674473512e-05, 8.297459550342852e-05, 7.77756635228219e-05, 7.972230156665327e-05, 7.963123765372845e-05, 8.156598790150003e-05, 7.655745126182686e-05]

gen_Xbest[8]:
[9.598532929178272e-05, 9.518397880380724e-05, 9.575858256119881e-05, 9.64731181205157e-05, 9.207980068480075e-05, 9.487921014468428e-05, 9.754474212777782e-05, 9.323064187526246e-05, 0.9995270169744734, 9.472918104006013e-05, 9.991046277430687e-05, 9.682244616449039e-05, 0.00014656869766044233, 9.60741073490307e-05, 0.9998173042387152, 0.9998379686221994, 9.727185689281396e-05, 9.743124966608853e-05, 0.9998174374629459, 9.526047931202625e-05, 0.999839278469545, 9.608461918968753e-05, 0.9997906124645451, 0.9998081518902712, 0.9998471854276619, 0.9997547348695052, 0.9998088157888754, 0.9998154389322457, 0.9998383823629863, 0.9998344075167476, 0.9998174440357361, 0.9998094096162031, 0.9998101141837372, 0.9997789377735989]
[0.14779076410384293, 9.518397880380724e-05, 9.575858256119881e-05, 9.64731181205157e-05, 0.9998120508005249, 0.9998102415797107, 0.9998049105157445, 9.323064187526246e-05, 0.00012007517821690076, 9.472918104006013e-05, 0.9997861770337672, 9.682244616449039e-05, 9.996676534768055e-05, 9.60741073490307e-05, 9.569197629958258e-05, 6.209631389461452e-05, 0.9998054562862144, 0.00016055485846490572, 9.128126852705223e-05, 0.00013006464447143533, 9.323559723390796e-05, 9.608461918968753e-05, 9.760857493675869e-05, 9.592405486443544e-05, 5.306737994678236e-05, 0.00014532002039229888, 9.55921055623848e-05, 9.22805338771891e-05, 6.662937360417544e-05, 6.837501685230313e-05, 9.127798213194877e-05, 9.529519189843248e-05, 9.494290813141405e-05, 9.81168527267598e-05]
[0.8521132505668654, 0.9998096320423924, 0.9998084828348777, 0.9998070537637589, 9.58693987902281e-05, 9.487921014468428e-05, 9.754474212777782e-05, 0.9998135387162496, 0.00035290784730978024, 0.9998105416379199, 0.00011391250345854906, 0.999806355107671, 0.999753464536992, 0.999807851785302, 8.700378498524635e-05, 9.99350639061456e-05, 9.727185689281396e-05, 0.999742013891869, 9.128126852705223e-05, 0.9997746748762165, 6.74859332210925e-05, 0.9998078307616206, 0.00011177896051797919, 9.592405486443544e-05, 9.97471923913985e-05, 9.99451101025102e-05, 9.55921055623848e-05, 9.22805338771891e-05, 9.498826340946632e-05, 9.721746640013974e-05, 9.127798213194877e-05, 9.529519189843248e-05, 9.494290813141405e-05, 0.00012294537367430624]

gen_Xbest[9]:
[6.394321500344541e-05, 8.027091312936761e-05, 5.0710852151693604e-05, 9.970624011511064e-05, 7.26719721123024e-05, 7.665122549447466e-05, 8.924276246313073e-05, 8.515730277934691e-05, 0.999859484545457, 7.215108117828125e-05, 7.439839140656761e-05, 5.682418806337301e-05, 0.00015188389020975623, 7.90280816653505e-05, 0.9998680464501786, 0.9998002475499598, 8.318874135829766e-05, 6.300177797744499e-05, 0.9998207120394312, 6.663713758832418e-05, 0.9998447080825832, 4.255135893327082e-05, 0.999826195346361, 0.9998008719313759, 0.9998797092449706, 0.9997834513765984, 0.9997792600996205, 0.9998257032317827, 0.9998337147225274, 0.999808072918595, 0.9998375703504692, 0.9998018288382492, 0.9998527379559673, 0.9998219072126808]
[0.1688576966972735, 9.990780222530072e-05, 9.975240159826703e-05, 9.970624011511064e-05, 0.9998593374687011, 0.9998466685373731, 0.9998109035505875, 6.268677338083259e-05, 6.517392726561575e-05, 9.998647134947532e-05, 0.9998257706904946, 7.066139616164978e-05, 9.986615629567845e-05, 9.981971407104718e-05, 9.966448132362604e-05, 9.987622502006339e-05, 0.9998171965348247, 0.00015687198715456327, 6.894305222313029e-05, 5.1471560367461494e-05, 9.937990573104156e-05, 0.00010143542385381983, 7.605187664319667e-05, 9.956403431205088e-05, 7.883434094371187e-05, 9.54236223207145e-05, 9.975693887296594e-05, 9.979416799948166e-05, 9.998887035126501e-05, 9.963605626579367e-05, 8.142055490704238e-05, 9.908558087542669e-05, 7.554600476158407e-05, 5.920997539870218e-05]
[0.8310783600877231, 0.9998198212846453, 0.99984953674625, 0.9998005875197697, 6.799055918658274e-05, 7.66802371324093e-05, 9.98536869492811e-05, 0.9998521559238398, 7.534152727747034e-05, 0.9998278624474723, 9.983091809891602e-05, 0.9998725144157751, 0.9997482499534945, 0.9998211522042637, 3.2289068497797084e-05, 9.987622502006339e-05, 9.961472381708595e-05, 0.999780126234868, 0.0001103449083455776, 0.9998818913020443, 5.591201168581954e-05, 0.999856013217213, 9.775277699580111e-05, 9.956403431205088e-05, 4.1456414085682014e-05, 0.00012112500108084375, 0.00012098296150653544, 7.45026002177962e-05, 6.629640712134565e-05, 9.229102513917041e-05, 8.100909462386668e-05, 9.908558087542669e-05, 7.171603927123721e-05, 0.00011888281192049604]

gen_Xbest[10]:
[9.998790349410969e-05, 1.279046830028894e-05, 7.99194838948183e-05, 3.05139445016832e-05, 2.5423194340699136e-05, 1.638323509732163e-05, 8.237522880686757e-05, 8.361956570719459e-05, 0.9998000602907604, 9.381997421083234e-05, 4.4094451324687816e-05, 6.832795764078897e-06, 0.00014016563859268626, 1.059218975306126e-05, 0.9999040148747818, 0.9997925939633387, 1.9348768101749768e-05, 9.998660804718328e-05, 0.9997819586952345, 8.652044473341418e-06, 0.9998608245796331, 7.278665156744333e-05, 0.9998620977629713, 0.9998390959608403, 0.9998000556305597, 0.9998228454783934, 0.9998396710900944, 0.99984468025072, 0.9998074623033872, 0.9998438313159248, 0.9998864871411827, 0.9998742430459411, 0.9999066202845942, 0.999875634165218]
[0.192083510212825, 4.238916202385397e-05, 9.695909716569748e-05, 3.563571446269031e-05, 0.9998769312229433, 0.9999699899829455, 0.9998092755281449, 9.998916426216173e-05, 9.996985461982832e-05, 9.381997421083234e-05, 0.9999458250598069, 7.579360574118339e-05, 9.998494550101361e-05, 8.534676691953498e-05, 2.864349231062466e-05, 9.998563261870879e-05, 0.999881302424886, 6.46585872695883e-05, 9.998710006250238e-05, 9.998773643852711e-05, 3.918943015259669e-05, 2.9466711295470785e-05, 4.677087591908973e-05, 9.995574413903213e-05, 9.997218472013319e-05, 8.156646775901568e-05, 9.482151333486339e-05, 0.00011306289967091936, 0.0001184918888522655, 4.5968278850194276e-05, 7.903525231742586e-05, 0.0001016817804872182, 8.914379265415325e-05, 9.998822437793136e-05]
[0.8078165018836809, 0.9999448203696758, 0.9998231214189396, 0.9999338503410357, 9.76455827160222e-05, 1.3626781957181557e-05, 0.00010834924304829558, 0.9998163912700306, 9.996985461982832e-05, 0.9998123600515784, 1.0080488868360181e-05, 0.9999173735984948, 0.9997598494159062, 0.9999040610433273, 6.734163290763084e-05, 0.00010742040404242221, 9.934880701230217e-05, 0.9998353548046832, 0.00011805420470295511, 0.9998913602190882, 9.998599021438668e-05, 0.999897746637137, 9.113136110966725e-05, 6.0948295020662454e-05, 9.997218472013319e-05, 9.558805384760981e-05, 6.550739657078711e-05, 4.225684960909817e-05, 7.404580776047343e-05, 0.0001102004052250286, 3.447760649996995e-05, 2.407517357168546e-05, 4.235922751655931e-06, 2.4377610403909744e-05]

gen_Xbest[11]:
[6.664797897835353e-05, 6.095740863502411e-05, 7.041191616590417e-05, 6.224429834751359e-05, 5.975502520762572e-05, 5.894182207910417e-05, 5.9817468730009844e-05, 5.816176952482766e-05, 0.999831475894259, 7.477096156806942e-05, 5.884878619336864e-05, 5.834891855569142e-05, 6.012216227745186e-05, 6.990456292626828e-05, 0.9998844459657472, 0.9998774407679719, 5.9089247683909864e-05, 5.749050504618877e-05, 0.99988205728904, 6.302881916985674e-05, 0.9990866439260411, 6.348497526368026e-05, 0.9998816632058489, 0.9998784570816333, 0.9998799041837596, 0.9998777891905639, 0.9998741949791999, 0.9998761968505422, 0.9998655415452695, 0.9998827381993219, 0.9998623338186903, 0.9998639875442121, 0.9998698675866609, 0.9998842244777186]
[0.2673159962642382, 6.095740863502411e-05, 7.041191616590417e-05, 6.224429834751359e-05, 0.9998804899495848, 0.9998821163558418, 0.99988036506254, 5.816176952482766e-05, 8.426205287048971e-05, 7.477096156806942e-05, 0.9998823024276132, 5.834891855569142e-05, 6.012216227745186e-05, 6.990456292626828e-05, 5.777701712638369e-05, 6.127961601404328e-05, 0.9998818215046322, 5.749050504618877e-05, 5.8971355479988255e-05, 6.302881916985674e-05, 0.0008520123771401279, 6.348497526368026e-05, 5.916839707551876e-05, 6.077145918338273e-05, 6.0047908120203516e-05, 6.110540471806667e-05, 6.290251040005885e-05, 6.190157472892597e-05, 6.722922736522427e-05, 5.8630900339055045e-05, 6.883309065487644e-05, 6.800622789395026e-05, 6.506620666960717e-05, 5.788776114066813e-05]
[0.7326173557567836, 0.9998780851827299, 0.9998591761676682, 0.999875511403305, 5.975502520762572e-05, 5.894182207910417e-05, 5.9817468730009844e-05, 0.9998836764609503, 8.426205287048971e-05, 0.9998504580768639, 5.884878619336864e-05, 0.9998833021628887, 0.9998797556754451, 0.9998601908741475, 5.777701712638369e-05, 6.127961601404328e-05, 5.9089247683909864e-05, 0.9998850189899077, 5.8971355479988255e-05, 0.9998739423616603, 6.134369681888654e-05, 0.9998730300494727, 5.916839707551876e-05, 6.077145918338273e-05, 6.0047908120203516e-05, 6.110540471806667e-05, 6.290251040005885e-05, 6.190157472892597e-05, 6.722922736522427e-05, 5.8630900339055045e-05, 6.883309065487644e-05, 6.800622789395026e-05, 6.506620666960717e-05, 5.788776114066813e-05]

gen_Xbest[12]:
[6.664797897835353e-05, 6.095740863502411e-05, 7.041191616590417e-05, 6.224429834751359e-05, 5.975502520762572e-05, 5.894182207910417e-05, 5.9817468730009844e-05, 5.816176952482766e-05, 0.999831475894259, 7.477096156806942e-05, 5.884878619336864e-05, 5.834891855569142e-05, 6.012216227745186e-05, 6.990456292626828e-05, 0.9998844459657472, 0.9998774407679719, 5.9089247683909864e-05, 5.749050504618877e-05, 0.99988205728904, 6.302881916985674e-05, 0.9990866439260411, 6.348497526368026e-05, 0.9998816632058489, 0.9998784570816333, 0.9998799041837596, 0.9998777891905639, 0.9998741949791999, 0.9998761968505422, 0.9998655415452695, 0.9998827381993219, 0.9998623338186903, 0.9998639875442121, 0.9998698675866609, 0.9998842244777186]
[0.2673159962642382, 6.095740863502411e-05, 7.041191616590417e-05, 6.224429834751359e-05, 0.9998804899495848, 0.9998821163558418, 0.99988036506254, 5.816176952482766e-05, 8.426205287048971e-05, 7.477096156806942e-05, 0.9998823024276132, 5.834891855569142e-05, 6.012216227745186e-05, 6.990456292626828e-05, 5.777701712638369e-05, 6.127961601404328e-05, 0.9998818215046322, 5.749050504618877e-05, 5.8971355479988255e-05, 6.302881916985674e-05, 0.0008520123771401279, 6.348497526368026e-05, 5.916839707551876e-05, 6.077145918338273e-05, 6.0047908120203516e-05, 6.110540471806667e-05, 6.290251040005885e-05, 6.190157472892597e-05, 6.722922736522427e-05, 5.8630900339055045e-05, 6.883309065487644e-05, 6.800622789395026e-05, 6.506620666960717e-05, 5.788776114066813e-05]
[0.7326173557567836, 0.9998780851827299, 0.9998591761676682, 0.999875511403305, 5.975502520762572e-05, 5.894182207910417e-05, 5.9817468730009844e-05, 0.9998836764609503, 8.426205287048971e-05, 0.9998504580768639, 5.884878619336864e-05, 0.9998833021628887, 0.9998797556754451, 0.9998601908741475, 5.777701712638369e-05, 6.127961601404328e-05, 5.9089247683909864e-05, 0.9998850189899077, 5.8971355479988255e-05, 0.9998739423616603, 6.134369681888654e-05, 0.9998730300494727, 5.916839707551876e-05, 6.077145918338273e-05, 6.0047908120203516e-05, 6.110540471806667e-05, 6.290251040005885e-05, 6.190157472892597e-05, 6.722922736522427e-05, 5.8630900339055045e-05, 6.883309065487644e-05, 6.800622789395026e-05, 6.506620666960717e-05, 5.788776114066813e-05]

gen_Xbest[13]:
[2.593342224013306e-05, 3.43962531319103e-05, 2.1160799583432624e-05, 9.887406109828408e-05, 5.417812391172644e-05, 3.587201847263935e-05, 9.294814045216813e-05, 3.3859236315872e-05, 0.9999242553441481, 9.559331248840485e-05, 5.790901107684003e-06, 9.281730606043804e-05, 8.737754553681555e-05, 1.7264924541983268e-05, 0.9999104702054163, 0.9998734649300884, 9.368695720962534e-05, 8.489838973123682e-05, 0.9999294951367929, 9.50769449291079e-05, 0.9996333169457964, 2.3687819911480715e-05, 0.9999427339049543, 0.9999211613773857, 0.9998282437656759, 0.9998263661588421, 0.9998933028649524, 0.9999334493773517, 0.9998427867620259, 0.9998605788556653, 0.9999012316342831, 0.9998873975405911, 0.9998993736349285, 0.9999254370348135]
[0.23518878970407933, 9.269580497067523e-05, 2.760277224528766e-05, 9.404831481651723e-05, 0.9998763329688375, 0.9998711230153792, 0.999865366325453, 2.7757944423433008e-05, 4.4165950278976346e-05, 8.895508084678729e-05, 0.9999009076471077, 1.839095798630273e-05, 4.5759905726426436e-05, 5.097696637561791e-05, 1.685111961834701e-05, 3.849428741011765e-05, 0.9998634211872837, 4.2514930438041846e-05, 2.556499665463439e-05, 5.209559675572894e-05, 0.0003384251427880844, 4.9739998545821766e-05, 2.14988176448329e-05, 3.4223366238488715e-05, 8.683203030138706e-05, 9.295437849737165e-05, 7.28255266538198e-05, 4.076597448866526e-05, 8.85740704490325e-05, 9.429132367073105e-05, 7.380174479162049e-05, 6.223821695179329e-05, 6.43726131419247e-05, 3.247586566511247e-05]
[0.7647852768736806, 0.9998729079418973, 0.9999512364281713, 0.9998070776240853, 6.948890725074267e-05, 9.300496614813856e-05, 4.168553409496323e-05, 0.9999383828192607, 3.157870557294965e-05, 0.9998154516066649, 9.330145178461691e-05, 0.9998887917359532, 0.9998668625487368, 0.9999317581090824, 7.267867496540758e-05, 8.80407825014101e-05, 4.289185550678601e-05, 0.9998725866798307, 4.4939866552487127e-05, 0.9998528274583152, 2.825791141554736e-05, 0.9999265721815427, 3.576727740096768e-05, 4.461525637584883e-05, 8.492420402267693e-05, 8.067946266049821e-05, 3.3871608393908435e-05, 2.5784648159674318e-05, 6.863916752509825e-05, 4.512982066396263e-05, 2.4966620925110154e-05, 5.036424245718138e-05, 3.62537519295925e-05, 4.2087099521392875e-05]

gen_Xbest[14]:
[4.480871955206218e-05, 2.9367906919264634e-05, 1.8714418351671685e-05, 4.116420984352175e-05, 3.295272936390446e-05, 5.243872932315776e-05, 7.17313381645408e-05, 3.6618919645467845e-05, 0.999892281595242, 0.004207641637075668, 9.998685462790246e-05, 7.568910820940997e-05, 4.2888559364280826e-05, 3.5525661292234875e-05, 0.9999033771151434, 0.9999377561972738, 5.3481298603616014e-05, 8.306148222426548e-05, 0.9999271425248664, 0.00010486519527405975, 0.9992492524346476, 6.05641784093285e-05, 0.9999396784615519, 0.9998473685839441, 0.9998854896095335, 0.999873964833076, 0.9999155431118045, 0.9999387517216779, 0.9999002289375324, 0.9998507788181598, 0.9999136307146151, 0.9998752642794594, 0.9999284147134315, 0.9999463707619625]
[0.22961633516765953, 5.388876690438847e-05, 2.1762586647623823e-05, 7.593380310019634e-05, 0.9998887107126441, 0.999848194408439, 0.9998713493814194, 3.857021568025491e-05, 6.0602494702584656e-05, 5.3112246794914e-05, 0.9998110690713656, 9.998853896646212e-05, 5.239403675042981e-05, 3.86905442588552e-05, 3.797974400902268e-05, 2.5825150010533625e-05, 0.9998985801298728, 3.4889335292986014e-05, 4.391147975598313e-05, 6.079328190328374e-05, 0.0006822139153925016, 5.305944822323908e-05, 3.6849976794517334e-05, 9.998995101842558e-05, 5.341404270862093e-05, 7.599628651672225e-05, 4.007412122453209e-05, 1.1925505311990305e-05, 7.1701978579453e-05, 4.9232654823943806e-05, 7.364709870217384e-05, 4.92686695623351e-05, 4.039390711192348e-05, 4.651886103138877e-05]
[0.7703388561127884, 0.9999167433261763, 0.9999595229950007, 0.9998829019870563, 7.833655799205198e-05, 9.936686223790327e-05, 5.691928041597051e-05, 0.9999248108646743, 4.711591005535379e-05, 0.9957392461161295, 8.894407400647926e-05, 0.999824322352824, 0.9999047174038853, 0.999925783794449, 5.864314084751608e-05, 3.64186527157887e-05, 4.793857152370328e-05, 0.9998820491824828, 2.894599537757132e-05, 0.9998343415228227, 6.853364995996678e-05, 0.9998863763733674, 2.3471561653669942e-05, 5.264146503745735e-05, 6.109634775790206e-05, 5.003888040722059e-05, 4.438276697104508e-05, 4.9322773010044924e-05, 2.806908388814332e-05, 9.998852701638814e-05, 1.272218668271517e-05, 7.546705097829189e-05, 3.119137945654375e-05, 7.1103770061838455e-06]

gen_Xbest[15]:
[6.885832431179142e-05, 6.334244537982313e-05, 7.241512194424298e-05, 6.22776225169289e-05, 6.114211313247833e-05, 6.078661831739154e-05, 6.152303975487349e-05, 6.046853190074809e-05, 0.9998194604893047, 7.254562841659268e-05, 6.0812445266650306e-05, 6.0735263117620404e-05, 6.0180885593692214e-05, 7.198144576212342e-05, 0.9998797106247926, 0.9999066536364306, 6.105612702071215e-05, 6.000304167148338e-05, 0.9998802378709044, 6.512132303824871e-05, 0.9998786366703013, 6.367986277877217e-05, 0.9998779680378942, 0.9998764119457296, 0.9998766980305609, 0.9998765032110144, 0.9998772333951623, 0.999871467791609, 0.9998612949182287, 0.9998784105720848, 0.9998707707492889, 0.9998706435245898, 0.9998654782001208, 0.9998793261638408]
[0.21647609614661312, 6.334244537982313e-05, 7.241512194424298e-05, 6.22776225169289e-05, 0.9998777157737351, 0.9998784267633652, 0.9998769539204903, 6.046853190074809e-05, 9.026975534767782e-05, 7.254562841659268e-05, 0.9998783751094668, 6.0735263117620404e-05, 6.0180885593692214e-05, 7.198144576212342e-05, 6.0144687603694664e-05, 3.038427317099095e-05, 0.9998778877459585, 6.000304167148338e-05, 5.988106454782362e-05, 6.512132303824871e-05, 6.0681664849383417e-05, 6.367986277877217e-05, 6.101598105288864e-05, 6.179402713522011e-05, 6.165098471953376e-05, 6.174839449278886e-05, 6.138330241882644e-05, 6.426610419550437e-05, 6.93525408856171e-05, 6.079471395758284e-05, 6.461462535558242e-05, 6.467823770510535e-05, 6.726089993956108e-05, 6.033691807962175e-05]
[0.7834550455290751, 0.9998733151092404, 0.9998551697561116, 0.9998754447549661, 6.114211313247833e-05, 6.078661831739154e-05, 6.152303975487349e-05, 0.9998790629361985, 9.026975534767782e-05, 0.9998549087431668, 6.0812445266650306e-05, 0.9998785294737648, 0.9998796382288127, 0.9998560371084758, 6.0144687603694664e-05, 6.296209039837619e-05, 6.105612702071215e-05, 0.999879993916657, 5.988106454782362e-05, 0.9998697573539235, 6.0681664849383417e-05, 0.9998726402744424, 6.101598105288864e-05, 6.179402713522011e-05, 6.165098471953376e-05, 6.174839449278886e-05, 6.138330241882644e-05, 6.426610419550437e-05, 6.93525408856171e-05, 6.079471395758284e-05, 6.461462535558242e-05, 6.467823770510535e-05, 6.726089993956108e-05, 6.033691807962175e-05]

gen_Xbest[16]:
[4.073180734980603e-05, 3.3305457164545966e-05, 2.4282291998840515e-05, 3.796458330501093e-05, 4.556311042388504e-05, 4.2875309223455556e-05, 6.234910077817405e-05, 4.676133901412635e-05, 0.9999054092303262, 0.002670440032603796, 8.872472298262459e-05, 7.817225656535498e-05, 5.7308299736084545e-05, 3.490466713948513e-05, 0.999903851709365, 0.9999544645265432, 5.762849100974109e-05, 7.966498258997115e-05, 0.9999324557564443, 7.593342170123683e-05, 0.9992649549686241, 3.799879905646734e-05, 0.9999272140767498, 0.9998576881488848, 0.9998776270674151, 0.9998833544472829, 0.9999195201436721, 0.9999325608142832, 0.9999091161606628, 0.9998778495096725, 0.999787516170759, 0.999912141139012, 0.9999110006878514, 0.9999397362359743]
[0.23053180363686748, 6.468542812543087e-05, 3.508302924983807e-05, 6.154118506166615e-05, 0.999874150109278, 0.9998814153630731, 0.9998887940034495, 5.050366842293577e-05, 5.371373240934074e-05, 5.473220572353028e-05, 0.9998276984047929, 7.573303267182106e-05, 4.7032339155387436e-05, 3.9807841504977706e-05, 3.1159938907840816e-05, 1.131258655063518e-05, 0.9999048973849787, 2.1143401884958564e-05, 2.5846706611789103e-05, 4.942613243214768e-05, 0.0006711370899340184, 4.2720297354448957e-05, 4.3150674978223195e-05, 9.139993704128178e-05, 6.307324889996422e-05, 6.257407246194159e-05, 5.268303668100956e-05, 2.340052669072324e-05, 5.259825213545902e-05, 4.4403726898977765e-05, 6.858615576899907e-05, 3.340061945402172e-05, 4.561556770199898e-05, 5.0594385092930875e-05]
[0.7694274645557827, 0.99990200911471, 0.9999406346787513, 0.9999004942316333, 8.028678029798262e-05, 7.570932770339298e-05, 4.885689577241532e-05, 0.9999027349925629, 4.087703726440531e-05, 0.9972748277616726, 8.357687222450097e-05, 0.9998460947107628, 0.9998956593611085, 0.9999252874913556, 6.498835172710586e-05, 3.4222886906214566e-05, 3.7474124011576264e-05, 0.9998991916155251, 4.1697536943844975e-05, 0.9998746404458666, 6.390794144191498e-05, 0.9999192809035891, 2.9635248271969884e-05, 5.091191407387498e-05, 5.92996836850124e-05, 5.407148025517881e-05, 2.7796819646836175e-05, 4.4038659026066657e-05, 3.828558720167617e-05, 7.774676342866153e-05, 0.00014389767347201994, 5.445824153409894e-05, 4.3383744446635e-05, 9.669378932705935e-06]

gen_Xbest[17]:
[6.328885250791831e-05, 4.4639140424861074e-05, 3.4826495237790984e-05, 4.2855956831387575e-05, 4.3675014688654635e-05, 4.677017322498681e-05, 3.888402875917919e-05, 5.1844071309820936e-05, 0.9997986276270474, 9.996915509396217e-05, 7.099215888620159e-05, 5.6865866604759346e-05, 7.254715861024635e-05, 4.261089220303757e-05, 0.9998903214184806, 0.9999229790901253, 2.6333813477904545e-05, 6.007677030604378e-05, 0.9999078436432624, 5.1601240714279275e-05, 0.999440503061786, 6.912962109307189e-05, 0.9998838922288661, 0.9998978548399508, 0.9998881090290829, 0.9998599398887875, 0.999893933212774, 0.9999103158614676, 0.9998986039243466, 0.9998946404177463, 0.9999186327450712, 0.9999006884230676, 0.9999065283821225, 0.9999271175620235]
[0.24454592319456234, 5.633108844856688e-05, 5.824403909789877e-05, 4.170738174340754e-05, 0.9999035770814682, 0.9998988733188369, 0.9999338386436293, 5.277421665715157e-05, 7.110407517866245e-05, 6.478852786639658e-05, 0.9998872941545776, 5.505304042535315e-05, 4.270435068315362e-05, 4.3671152877151973e-05, 5.8605473427173385e-05, 4.324037772188593e-05, 0.9999200559572444, 2.2869022451662936e-05, 5.009901706027878e-05, 6.22756684334752e-05, 0.0004756979803258985, 7.585631871065451e-05, 4.79223706031584e-05, 5.535187969560878e-05, 6.62287577359188e-05, 7.253723706705829e-05, 4.3130273981615324e-05, 4.097706138337342e-05, 4.754386942645337e-05, 5.6205811302307976e-05, 6.931189834250791e-05, 5.797629043559899e-05, 5.9842833153778336e-05, 5.506756574557308e-05]
