gen_Xbest[0]:
[7.800378131676176e-05, 8.273405140469232e-05, 8.104852863667278e-05, 7.914266258377293e-05, 0.058186829571395676, 8.18321707431238e-05, 8.793640331598528e-05, 0.6665088951753749, 7.386722116992663e-05, 7.271911600815793e-05, 7.846859424746303e-05, 7.284840724170076e-05, 0.6665209640908175, 0.01756990224181127, 5.0126466771137456e-05, 8.387144117166521e-05, 4.8717718215749855e-05, 7.192380144284369e-05, 5.094162801101709e-05, 8.040349169009787e-05, 0.6665161332122291, 5.033287034679304e-05, 5.5699712278310474e-05, 0.9997609436926771, 0.33338931556108387, 0.9997763681407208, 7.775316612618976e-05, 0.9997863088127888, 8.086232776162409e-05, 8.185986172352896e-05, 5.452814784134491e-05, 0.9997633113785107, 0.3333833176169913, 7.168368331722917e-05]
[7.800378131676176e-05, 8.273405140469232e-05, 8.104852863667278e-05, 7.914266258377293e-05, 0.9416572999959026, 0.9997545034877706, 0.999736190790052, 5.2590497097257e-05, 7.386722116992663e-05, 7.271911600815793e-05, 0.9997645942172576, 7.284840724170076e-05, 4.856752528306096e-05, 7.506300187135486e-05, 0.3333834598001045, 8.387144117166521e-05, 0.33338205105154906, 7.192380144284369e-05, 0.3333842749613443, 8.040349169009787e-05, 0.33338351115147913, 0.6665156680556263, 0.6664995675298317, 7.968543577430872e-05, 0.6624266337132776, 7.454395309306539e-05, 7.775316612618976e-05, 7.123039573705827e-05, 0.9997574130167152, 0.9997544204148294, 0.3333878614811747, 7.889620716312637e-05, 0.6665167138156929, 7.168368331722917e-05]
[0.9997659886560497, 0.9997517978457859, 0.99975685441409, 0.9997625720122487, 7.793521635078002e-05, 8.18321707431238e-05, 8.793640331598528e-05, 0.3333859238304306, 0.9997783983364903, 7.271911600815793e-05, 7.846859424746303e-05, 0.9997814547782748, 0.33338190085861635, 7.506300187135486e-05, 5.0126466771137456e-05, 8.387144117166521e-05, 0.6665205135120195, 0.9997842285956715, 5.094162801101709e-05, 0.9997587895249297, 5.017781814583418e-05, 0.3333836662036802, 5.5699712278310474e-05, 7.968543577430872e-05, 0.004128068497888068, 7.454395309306539e-05, 7.775316612618976e-05, 7.123039573705827e-05, 8.086232776162409e-05, 8.185986172352896e-05, 0.6665030822231428, 7.889620716312637e-05, 4.9984283657944804e-05, 7.168368331722917e-05]
[7.800378131676176e-05, 8.273405140469232e-05, 8.104852863667278e-05, 7.914266258377293e-05, 7.793521635078002e-05, 8.18321707431238e-05, 8.793640331598528e-05, 5.2590497097257e-05, 7.386722116992663e-05, 0.9997818426519756, 7.846859424746303e-05, 7.284840724170076e-05, 4.856752528306096e-05, 0.982279971754446, 0.6665162872663533, 0.999748385676485, 4.8717718215749855e-05, 7.192380144284369e-05, 0.6665138417826336, 8.040349169009787e-05, 5.017781814583418e-05, 5.033287034679304e-05, 0.3333890330456117, 7.968543577430872e-05, 5.598222775050418e-05, 7.454395309306539e-05, 0.9997667405016214, 7.123039573705827e-05, 8.086232776162409e-05, 8.185986172352896e-05, 5.452814784134491e-05, 7.889620716312637e-05, 4.9984283657944804e-05, 0.9997849489500483]

gen_Xbest[1]:
[0.000250792227968454, 9.997765148747357e-05, 9.879693767508457e-05, 0.00019330228866542624, 9.89780380993109e-05, 9.997441189559125e-05, 9.499620143319399e-05, 9.325279864036924e-05, 9.898215854362482e-05, 0.0025439393184229302, 0.00017580637398158298, 0.00026484641251728753, 9.790572706185584e-05, 0.00014621352227767506, 0.33339979702392153, 8.562241234566503e-05, 5.9208501598480985e-05, 9.5368517164598e-05, 0.0001255634166085916, 0.00014335147646900854, 9.855593976546942e-05, 0.00013996145919798324, 5.167254536662906e-05, 0.9996191612279588, 0.9991540135283804, 0.9995302593999208, 6.400444532946705e-05, 0.9996493343927012, 0.9948673938948406, 6.59520154149788e-05, 6.44397535212409e-05, 0.9993775823078326, 0.6664504619651969, 0.3333967146069616]
[0.00018127588713124463, 0.0001779769546639276, 0.00016697919894249032, 9.691752805269001e-05, 0.9995738953247928, 0.9992962383629913, 0.9996650335898439, 0.00016430146164550242, 0.010120215853251355, 0.00010874386531080299, 0.9995135797274202, 9.902505758721287e-05, 9.790572706185584e-05, 0.00014621352227767506, 0.00013557204808922754, 0.9997320811758469, 0.36939536786949617, 0.0009831044690698986, 0.6663651809971324, 9.837742953262762e-05, 0.9996428029507952, 9.723766422975688e-05, 9.527920547222048e-05, 9.938707629798562e-05, 0.0007368330209320299, 9.42508950922343e-05, 0.33339733777866276, 9.778237376376726e-05, 0.0048406220743785556, 0.6664838806950392, 0.666121175779225, 9.876674278384563e-05, 0.33339591555766157, 0.00012248548833056506]
[0.9873712307921544, 0.9995376019398267, 0.9996354269257073, 0.9995130991798225, 0.0001635633185540325, 0.0002536503146102088, 9.499620143319399e-05, 0.9996491929410737, 0.9895130586907058, 0.3334391748983021, 0.0002133599267082456, 0.9993851884797093, 0.9996924954266004, 0.9995633139221684, 0.00014414335320744184, 9.667399946180451e-05, 5.9208501598480985e-05, 0.9620052305242033, 0.00010318726581290161, 0.9951258557276123, 0.00012423715673394613, 0.9996655632123425, 9.527920547222048e-05, 0.000160209383989933, 1.8277532726913264e-05, 0.00028123880989479224, 0.00010370761610936157, 0.00012080761000687381, 0.00014599201539046005, 6.59520154149788e-05, 6.44397535212409e-05, 0.000257335959055288, 6.753933601964136e-05, 6.338127362823579e-05]
[0.012196701092745997, 0.00018444345402193705, 9.879693767508457e-05, 0.0001966810034594884, 0.0001635633185540325, 0.000350136910502802, 0.00014497400728965914, 9.325279864036924e-05, 0.00026774329749921404, 0.6639081419179642, 9.725397189004507e-05, 0.0002509400501862295, 0.00011169311927591776, 0.00014425903327634938, 0.6663204875747818, 8.562241234566503e-05, 0.6304862151273068, 0.0369162964895622, 0.3334060683204462, 0.004632415366385951, 0.00013440395270535778, 9.723766422975688e-05, 0.9997577690436888, 0.00012124231175345828, 9.087591796070979e-05, 9.42508950922343e-05, 0.6664349501598983, 0.00013207562352815142, 0.00014599201539046005, 0.3333842152741308, 0.3337499447137325, 0.00026631499032843316, 8.608314112207534e-05, 0.6664174186310796]

gen_Xbest[2]:
[9.90823993300802e-05, 6.942908946347848e-06, 5.891686821226649e-07, 3.1865785369892344e-05, 0.00011816409500742165, 8.832798737818599e-05, 5.636112730627366e-06, 8.317496470549883e-05, 9.571358110958699e-05, 8.62292515489944e-05, 8.815495282913632e-05, 6.775088341390039e-05, 9.501095427874824e-05, 8.134034520933867e-05, 0.06787215702054206, 0.05589522992645057, 0.0014887401233324585, 9.545164906509318e-05, 9.996178378841508e-05, 9.800975093051412e-05, 8.97321796663059e-05, 7.341527358695904e-05, 0.17492341211090062, 0.9618276638391204, 0.9997671164512747, 0.9996743344642581, 0.00010132389288149933, 0.9996706992442354, 0.9997906896257186, 0.34149036586627474, 0.4022914144850612, 0.9996988899304947, 0.3892210178806537, 0.1235868907858825]
[9.90823993300802e-05, 9.783281963229846e-05, 9.928639627812384e-05, 9.865271585599649e-05, 0.9996916186820708, 0.9997350160378655, 0.9998014802196495, 8.317496470549883e-05, 9.571358110958699e-05, 3.873297917517759e-05, 0.9997355351415126, 9.701509244258015e-05, 0.0001358597767424662, 6.22960603003704e-05, 0.19119109947465204, 0.9330084408711375, 0.30256521283512094, 9.545164906509318e-05, 0.5601781480436723, 0.0025158917266510554, 0.6309630647254124, 7.341527358695904e-05, 0.047684408055557403, 0.038016803369520534, 8.265118725536366e-05, 9.871148646638925e-05, 8.5755546643803e-05, 9.99563712697837e-05, 7.411676299349084e-05, 0.32504710711695, 0.3657353765893293, 8.803783793080833e-05, 0.30552101876474097, 8.895945114900913e-05]
[0.9997027528020098, 0.9989106891549723, 0.9998995352663577, 0.9998636090993499, 0.00011816409500742165, 8.832798737818599e-05, 9.644183380994074e-05, 0.9997354483336534, 0.9996279774223892, 0.13735241782490304, 8.815495282913632e-05, 0.999738218931701, 0.9996741183147, 0.999775023249281, 5.692068954137448e-05, 0.011016853744741885, 8.40195834241939e-05, 0.9997339949131363, 9.996178378841508e-05, 0.9972880887714879, 8.97321796663059e-05, 0.9997797541792391, 9.998749238760584e-05, 5.5566041811005575e-05, 6.758117421451067e-05, 9.871148646638925e-05, 7.410958197679105e-05, 0.00012938801322497033, 6.107684829448336e-05, 6.459684172100116e-05, 9.132656673762188e-05, 0.00012503439364367218, 0.00017311022820700982, 8.895945114900913e-05]
[9.90823993300802e-05, 0.0009845351164492024, 5.891686821226649e-07, 5.872399424105501e-06, 7.205312791442258e-05, 8.832798737818599e-05, 9.644183380994074e-05, 9.820173693568919e-05, 0.00018059541539164564, 0.8625226199443728, 8.815495282913632e-05, 9.701509244258015e-05, 9.501095427874824e-05, 8.134034520933867e-05, 0.7408798228152644, 7.947545767000593e-05, 0.6958620274581224, 7.510178873352612e-05, 0.43962192838875086, 9.800975093051412e-05, 0.36885747091525484, 7.341527358695904e-05, 0.7772921923411545, 9.99667495480048e-05, 8.265118725536366e-05, 0.00012824256280919444, 0.9997388109784978, 9.99563712697837e-05, 7.411676299349084e-05, 0.3333979301750543, 0.23188188235887183, 8.803783793080833e-05, 0.3050848531263984, 0.8762351903118195]

gen_Xbest[3]:
[0.000102316611895294, 0.00010098390372521733, 0.00010270272677988713, 0.00010007379147878784, 0.00010007178729058511, 0.00010160745384144684, 0.00010013625244094981, 0.0017706090811331681, 8.391402519473714e-05, 0.0001259128409467553, 0.00010574331078335639, 0.00010031855629489452, 0.0005214530735210356, 0.00012161866605784102, 0.00012377628171115264, 7.951064732099626e-05, 0.00010379195770015915, 0.00010157962767426514, 0.00013442784827676196, 0.00010105320830327541, 0.00033582212631771947, 0.0001087539635473867, 0.0001087485446113668, 0.9768389663442428, 0.9996799323828044, 0.999689923902107, 0.16198102316913554, 0.9996997647768355, 0.9987202820506046, 0.4314943152823467, 0.41519910914563224, 0.9996318341466899, 0.00014553544752360918, 0.12012440771613393]
[0.000102316611895294, 0.00010098390372521733, 0.00010270272677988713, 0.00010007379147878784, 0.9996997846381283, 0.9996951776384757, 0.9996995912426772, 0.00010263410650995603, 8.391402519473714e-05, 0.0001259128409467553, 0.9996827700676497, 0.00010031855629489452, 0.00010566259231995988, 0.00012161866605784102, 0.08659601669955255, 0.632882380093193, 0.8254959856952921, 0.00010157962767426514, 0.04161148694860304, 0.00010105320830327541, 0.34578513446931597, 0.0012777263270289704, 0.004213328639744661, 0.022940334749863327, 0.0001066892057318866, 0.00010335869929770718, 9.106941615208311e-05, 0.00010007840772148926, 0.0010540725071633147, 0.23502605407399177, 0.14696501657926409, 0.0001227219511034054, 0.28733999221182815, 0.00012740801797984734]
[0.9996930501643142, 0.9996970482888243, 0.9996918918196603, 0.9996997786255635, 0.00010007178729058511, 0.00010160745384144684, 0.00010013625244094981, 0.998024122705847, 0.6664149245910825, 0.0001259128409467553, 0.00010574331078335639, 0.9996990443311152, 0.9992672217418392, 0.9996351440018265, 0.00012377628171115264, 7.951064732099626e-05, 0.00010379195770015915, 0.9996952611169773, 0.00013442784827676196, 0.9996968403750902, 0.00017748662031940107, 0.9985047657458763, 0.0001087485446113668, 0.00011034945294696902, 0.0001066892057318866, 0.00010335869929770718, 9.106941615208311e-05, 0.00010007840772148926, 0.0001128227211161038, 7.314865516411515e-05, 9.740046180359708e-05, 0.0001227219511034054, 0.00014553544752360918, 0.00012740801797984734]
[0.000102316611895294, 0.00010098390372521733, 0.00010270272677988713, 0.00010007379147878784, 0.00010007178729058511, 0.00010160745384144684, 0.00010013625244094981, 0.00010263410650995603, 0.3334172473585281, 0.9996222614771597, 0.00010574331078335639, 0.00010031855629489452, 0.00010566259231995988, 0.00012161866605784102, 0.9131564307370251, 0.36695859861216507, 0.17429643038930764, 0.00010157962767426514, 0.9581196573548434, 0.00010105320830327541, 0.6537015567840468, 0.0001087539635473867, 0.9955691742710325, 0.00011034945294696902, 0.0001066892057318866, 0.00010335869929770718, 0.8378368379985603, 0.00010007840772148926, 0.0001128227211161038, 0.3334064819884974, 0.43773847381330006, 0.0001227219511034054, 0.7123689368931246, 0.8796207762479064]

gen_Xbest[4]:
[7.394779473141088e-05, 7.374395128314318e-05, 7.343396254225151e-05, 7.454840119022074e-05, 8.211535521477358e-05, 7.479206923061982e-05, 7.343635553624082e-05, 0.007786008345247518, 7.398814957593902e-05, 8.602603040281382e-05, 7.371670196436371e-05, 7.483222723941792e-05, 7.438242182081712e-05, 7.343424891769851e-05, 7.511744300957216e-05, 7.505822876809049e-05, 7.393964709714934e-05, 7.36759964599071e-05, 7.37399726222053e-05, 7.36959243410507e-05, 0.010332007201126025, 7.406280426252855e-05, 7.348546229588604e-05, 0.9997618135585016, 0.9997796882018374, 0.9997787510431894, 0.9997788589514092, 0.9944326138111845, 0.999779685101949, 0.9845415579800109, 0.08958435760703998, 0.9842613771171846, 7.741972231498666e-05, 8.611670048016759e-05]
[7.394779473141088e-05, 7.374395128314318e-05, 7.343396254225151e-05, 7.454840119022074e-05, 0.9544564827430189, 0.9997756237923081, 0.9997796909333913, 7.564573003842203e-05, 7.398814957593902e-05, 8.602603040281382e-05, 0.9997788498941069, 7.483222723941792e-05, 7.438242182081712e-05, 7.343424891769851e-05, 0.2719010169255262, 0.10413436914662813, 0.9997781810587085, 7.36759964599071e-05, 7.37399726222053e-05, 7.36959243410507e-05, 8.735960349787624e-05, 7.406280426252855e-05, 7.348546229588604e-05, 7.939548049947499e-05, 7.343726605420554e-05, 7.37496522702229e-05, 7.371368286362664e-05, 0.005418138863947851, 7.343829935031164e-05, 7.929618011376423e-05, 0.026394461084143114, 0.015589129815252416, 0.08779129300809223, 8.611670048016759e-05]
[0.9997781566158058, 0.9997787681461506, 0.9997796981123732, 0.9997763547964293, 0.0453792865465517, 7.479206923061982e-05, 7.343635553624082e-05, 0.9920627001946756, 7.398814957593902e-05, 8.602603040281382e-05, 7.371670196436371e-05, 0.9997755033182818, 0.9997768527345375, 0.9997796972532469, 7.511744300957216e-05, 7.505822876809049e-05, 7.393964709714934e-05, 0.9997789720106203, 7.37399726222053e-05, 0.9997789122269769, 8.735960349787624e-05, 0.9997778115872125, 7.348546229588604e-05, 7.939548049947499e-05, 7.343726605420554e-05, 7.37496522702229e-05, 7.371368286362664e-05, 7.462366243380923e-05, 7.343829935031164e-05, 7.929618011376423e-05, 8.902605219329827e-05, 7.474653378148072e-05, 7.741972231498666e-05, 8.611670048016759e-05]
[7.394779473141088e-05, 7.374395128314318e-05, 7.343396254225151e-05, 7.454840119022074e-05, 8.211535521477358e-05, 7.479206923061982e-05, 7.343635553624082e-05, 7.564573003842203e-05, 0.9997780355512722, 0.9997419219087916, 7.371670196436371e-05, 7.483222723941792e-05, 7.438242182081712e-05, 7.343424891769851e-05, 0.7279487481884547, 0.8957155143958357, 7.393964709714934e-05, 7.36759964599071e-05, 0.9997787800821334, 7.36959243410507e-05, 0.9894932735918782, 7.406280426252855e-05, 0.9997795436131124, 7.939548049947499e-05, 7.343726605420554e-05, 7.37496522702229e-05, 7.371368286362664e-05, 7.462366243380923e-05, 7.343829935031164e-05, 0.015299849659761604, 0.8839321552566235, 7.474653378148072e-05, 0.9120538675472778, 0.9997416498985595]

gen_Xbest[5]:
[0.0008871855423347985, 0.0008889915048030722, 0.0003159218283560537, 0.0010579060104287587, 9.166593828341387e-05, 0.0005038971903136397, 0.0008257463975057285, 0.015332131967002106, 8.348415531951341e-05, 0.0006649274961903239, 0.0008796842619097715, 0.0007361443318568207, 0.0003538129238157921, 0.0006321931128870699, 8.714859676584922e-05, 9.330489740601442e-05, 9.997757000030658e-05, 0.00085350647178484, 9.363355619692264e-05, 0.0010352781494309127, 8.99206271795339e-05, 0.0008541218398662207, 9.383981061507522e-05, 0.9990177549724084, 0.9993083502013351, 0.9988212931058451, 0.998869960690759, 0.9963648496634849, 0.9986403313707952, 0.9613956730033523, 8.314144246023925e-05, 0.9997125830405512, 9.398936209554675e-05, 8.506651794789879e-05]
[0.0009673823761687335, 0.00033314189776128454, 0.0007243826188232828, 0.00030720894146312827, 0.9992435402656686, 0.99833562496805, 0.9987680637520264, 0.006628211947171106, 8.348415531951341e-05, 0.0006247168301919631, 0.9987391184428125, 9.978500074822679e-05, 0.0006622373962196155, 0.0007132617308506938, 8.714859676584922e-05, 9.330489740601442e-05, 0.9982460029643487, 9.990023261364371e-05, 0.0009186221769950044, 0.0010263339587346383, 8.99206271795339e-05, 9.885339306413099e-05, 0.0009736824665666847, 0.0004488824300098626, 9.958359722872327e-05, 9.980910594335597e-05, 0.0009315876785170081, 9.975024529145953e-05, 0.0003757084668036238, 9.959288118611812e-05, 8.314144246023925e-05, 9.580565314961975e-05, 9.398936209554675e-05, 8.506651794789879e-05]
[0.9974473119632966, 0.9986782885564272, 0.998859767694589, 0.9910413376485456, 9.166593828341387e-05, 0.0005948421084362304, 0.0003065454506969573, 0.9772244878159372, 8.348415531951341e-05, 9.35874239566774e-05, 0.00025636098886071485, 0.9985117509277397, 0.9982904226770425, 0.9985546674100215, 0.00024414835271437384, 0.0008185308227732439, 0.0006234399614269391, 0.9671327592764679, 0.0032014375930696447, 0.9976208141060671, 0.0004910327105364631, 0.992492704674715, 6.292818224531798e-05, 0.00016054028541248833, 9.958359722872327e-05, 0.0009790886822682186, 9.922581536203397e-05, 0.0005591600256261918, 0.00088404294125904, 0.0009719962390679095, 8.314144246023925e-05, 9.580565314961975e-05, 9.398936209554675e-05, 0.006715587568782287]
[0.000698120118199823, 9.957804100848648e-05, 9.992785823162058e-05, 0.007593547399562625, 0.0005731278577645461, 0.0005656357332001278, 9.964439977088946e-05, 0.000815168269889624, 0.9997495475340414, 0.9986167682496611, 0.00012483630641707766, 0.0006523197396553366, 0.0006935270029221724, 9.98777462406959e-05, 0.999581554453754, 0.9989948593824147, 0.0010305795042241527, 0.031913834019133724, 0.9957863066737384, 0.00031757378576731144, 0.9993291260351044, 0.006554320092354628, 0.998869549540573, 0.00037282231216922203, 0.0004924826042074251, 9.980910594335597e-05, 9.922581536203397e-05, 0.002976240065597407, 9.991722114212249e-05, 0.03753273787639365, 0.9997505756726193, 9.580565314961975e-05, 0.9997180319137134, 0.9931142793953218]

gen_Xbest[6]:
[9.983590032502377e-05, 0.00010056855271970458, 6.680003199961948e-05, 9.975638655246306e-05, 0.0001673121671079449, 0.0002227164726664155, 0.00035753784863987805, 9.690726130676512e-05, 8.147324237039025e-05, 0.00013865382910724329, 9.859987200954124e-05, 0.03860359464137473, 2.928850752834628e-05, 8.994773937102993e-05, 9.575580845845091e-05, 8.621912774381281e-05, 8.585831546525249e-05, 9.847453105251515e-05, 2.4521371051966382e-05, 9.930692202579317e-05, 7.724496041369908e-05, 9.988811311770198e-05, 9.808786038537751e-05, 0.9941553656070914, 0.9998633052271242, 0.9997307825928018, 0.9997360342144398, 0.999827659639751, 0.9996612517790665, 0.9996939223217525, 8.902225687614128e-05, 0.9997658433264508, 9.648724480975234e-05, 7.946078653257471e-05]
[9.99563772449978e-05, 9.966014459551169e-05, 9.997845754714894e-05, 3.284207681397454e-05, 0.9996978065825756, 0.9995773586970914, 0.9994366780649792, 9.956791917425646e-05, 3.184329071846859e-05, 9.744941021196248e-05, 0.9997790957733772, 2.5826526019704445e-05, 0.00010644441505949219, 0.00020275935705855734, 0.00010666686818631289, 8.621912774381281e-05, 0.9997273829926615, 0.00017677772187871553, 9.532390872347567e-05, 0.00018665799277594737, 9.039742162629357e-05, 2.6233428128680275e-05, 1.2555378140348699e-05, 9.431255372854486e-05, 0.00010095747923348486, 9.36461289163009e-05, 8.712848911875782e-05, 1.3313237505799412e-05, 0.00013881707564444422, 9.424019492081162e-05, 3.910717517269632e-05, 3.560380632905153e-05, 5.704289098680707e-05, 6.757326725048353e-05]
[0.9997750030063179, 0.9997001026930312, 0.9997850209925939, 0.9997676451500811, 3.491532208883955e-05, 9.996241512109612e-05, 9.998427361229331e-05, 0.9997039569003447, 8.147324237039025e-05, 9.713819838055896e-05, 9.859987200954124e-05, 0.9611747819411283, 0.999764301480812, 0.9995877850385679, 9.623880079179576e-06, 2.6052650445441652e-05, 9.216819289078881e-05, 0.9996262732160162, 9.532390872347567e-05, 0.999633667418465, 9.039742162629357e-05, 0.9997739903456359, 0.00014309932304465357, 3.593110933478237e-05, 9.925588608385256e-06, 9.981199054680507e-05, 8.970880732266769e-05, 5.904808926007964e-05, 9.99655726445717e-05, 0.00011759728840584381, 0.0057083587443770446, 9.92764336100478e-05, 5.080214448602683e-05, 7.946078653257471e-05]
[2.520471611199247e-05, 9.966860965351513e-05, 4.820051785928846e-05, 9.975638655246306e-05, 9.996592822765362e-05, 9.996241512109612e-05, 0.00010579981276870345, 9.956791917425646e-05, 0.9998052102245407, 0.9996667585623004, 2.3704482603762748e-05, 0.000195796891477359, 9.996559660012402e-05, 0.00011950786500250133, 0.999787953443276, 0.999801509094067, 9.45904989824149e-05, 9.847453105251515e-05, 0.999784830811501, 8.036766673327984e-05, 0.9997419601963337, 9.988811311770198e-05, 0.9997462574384297, 0.005714390729845333, 2.581170503397801e-05, 7.575928773507428e-05, 8.712848911875782e-05, 9.997903348313379e-05, 9.99655726445717e-05, 9.424019492081162e-05, 0.9941635118235741, 9.92764336100478e-05, 0.9997956677197174, 0.9997735051596844]

gen_Xbest[7]:
[6.996794925700356e-05, 6.997633400859985e-05, 6.996815840346964e-05, 6.997238813562602e-05, 7.020667665064328e-05, 6.997267825917062e-05, 7.499147249700948e-05, 7.002366955219066e-05, 7.054178996291839e-05, 7.13815292920983e-05, 6.997156790510532e-05, 7.324115328419332e-05, 6.997269662994743e-05, 6.997363233091215e-05, 7.12497054860492e-05, 7.106173459939912e-05, 7.032395004931385e-05, 7.015506934886043e-05, 7.099615178193603e-05, 6.997546252568703e-05, 0.016768504049506115, 7.000702509232569e-05, 6.998851381142008e-05, 0.999789583661072, 0.9997900875339093, 0.9997900742875553, 0.9997667272935304, 0.999789830495259, 0.9997667392465303, 0.9997900895883668, 7.026273538167298e-05, 0.9997901028788004, 7.314814829683756e-05, 6.999982501876146e-05]
[6.996794925700356e-05, 6.997633400859985e-05, 6.996815840346964e-05, 6.997238813562602e-05, 0.9997893799700481, 0.9997900819652226, 0.999775025582509, 7.002366955219066e-05, 7.054178996291839e-05, 7.13815292920983e-05, 0.9997900852962847, 7.324115328419332e-05, 6.997269662994743e-05, 6.997363233091215e-05, 7.12497054860492e-05, 0.005833688215363959, 0.999789028149852, 7.015506934886043e-05, 7.099615178193603e-05, 6.997546252568703e-05, 7.462794061488272e-05, 7.000702509232569e-05, 6.998851381142008e-05, 7.01387796426901e-05, 6.997082203023674e-05, 6.997523748159516e-05, 7.775756882318272e-05, 7.005650158031318e-05, 7.775358448992381e-05, 6.99701372110593e-05, 7.026273538167298e-05, 6.996570706653572e-05, 7.314814829683756e-05, 6.999982501876146e-05]
[0.999790096152229, 0.9997900709979742, 0.9997900955247896, 0.9997900828355931, 7.020667665064328e-05, 6.997267825917062e-05, 7.499147249700948e-05, 0.9997899289913434, 7.054178996291839e-05, 7.13815292920983e-05, 6.997156790510532e-05, 0.9997802765401475, 0.9997900819101102, 0.9997900791030073, 7.12497054860492e-05, 7.106173459939912e-05, 7.032395004931385e-05, 0.9997895347919534, 7.099615178193603e-05, 0.999790073612423, 7.462794061488272e-05, 0.9997899789247231, 6.998851381142008e-05, 7.01387796426901e-05, 6.997082203023674e-05, 6.997523748159516e-05, 7.775756882318272e-05, 7.005650158031318e-05, 7.775358448992381e-05, 6.99701372110593e-05, 7.026273538167298e-05, 6.996570706653572e-05, 7.314814829683756e-05, 6.999982501876146e-05]
[6.996794925700356e-05, 6.997633400859985e-05, 6.996815840346964e-05, 6.997238813562602e-05, 7.020667665064328e-05, 6.997267825917062e-05, 7.499147249700948e-05, 7.002366955219066e-05, 0.9997883746301113, 0.9997858554121237, 6.997156790510532e-05, 7.324115328419332e-05, 6.997269662994743e-05, 6.997363233091215e-05, 0.9997862508835419, 0.9940241883154372, 7.032395004931385e-05, 7.015506934886043e-05, 0.9997870115446542, 6.997546252568703e-05, 0.9830822400692641, 7.000702509232569e-05, 0.9997900344585657, 7.01387796426901e-05, 6.997082203023674e-05, 6.997523748159516e-05, 7.775756882318272e-05, 7.005650158031318e-05, 7.775358448992381e-05, 6.99701372110593e-05, 0.999789211793855, 6.996570706653572e-05, 0.9997805555551095, 0.9997900005249437]

gen_Xbest[8]:
[3.24009690431504e-05, 2.8670707009197e-06, 2.2003232780525893e-05, 9.994707341798886e-05, 9.756926935177094e-05, 9.998547973500197e-05, 9.95813502223451e-05, 5.530605903808091e-05, 9.630852225017529e-05, 5.0830142184395354e-05, 9.994874682819371e-05, 9.981005164747615e-05, 3.154919482287088e-05, 1.223571377587471e-05, 9.843436181918461e-05, 9.87077580426906e-05, 9.07611076278808e-07, 5.278922443195433e-05, 3.9994259988744736e-05, 9.995592044551164e-05, 9.947215015074883e-05, 4.7081660056397043e-05, 9.548495819713783e-05, 0.9997523250186311, 0.9999117540429782, 0.9996959616857399, 0.9997823394811345, 0.9997427417293149, 0.9997838886798062, 0.9997152193405, 2.1144992453847832e-05, 0.9997048573679367, 4.9957094420566075e-05, 9.968862959148504e-05]
[9.997477258319175e-05, 9.998989932518356e-05, 9.998928180309214e-05, 6.97628543351568e-05, 0.9997072921919448, 0.9998264450442832, 0.9997769910158757, 9.995782563411154e-05, 2.771663989482562e-05, 3.766391127501635e-05, 0.9997001537595154, 0.00011484899363201057, 9.997068066770142e-05, 9.998853990279498e-05, 5.079207080173204e-05, 4.371932864719548e-05, 0.9999447084663264, 9.998903816888215e-05, 1.686651202048028e-05, 9.995592044551164e-05, 9.947215015074883e-05, 8.843869807844207e-05, 3.950068664990281e-05, 4.772426087094698e-05, 5.6530232590518056e-05, 0.00010440448795968314, 1.783967998709061e-05, 9.974247905861599e-05, 2.1654218606095953e-05, 9.512149839670262e-05, 9.998655409571153e-05, 9.838087735443683e-05, 1.1008074237092985e-05, 9.968862959148504e-05]
[0.9997676494857906, 0.9998937348052849, 0.9998016098693504, 0.9997848786349186, 9.756926935177094e-05, 7.3353123683188e-05, 2.3846283679698725e-05, 0.9997447782896938, 3.366235511513369e-05, 8.15085914012969e-05, 9.994874682819371e-05, 0.9996855309030731, 0.9997685094438418, 0.9998258753993579, 9.843436181918461e-05, 9.87077580426906e-05, 5.112711977236203e-05, 0.9998201974702605, 3.7146851128502326e-06, 0.9997001322386635, 2.965654079874262e-06, 0.9997645891707618, 2.601153157019725e-05, 9.997536024902277e-05, 2.8556128549024106e-05, 9.981691315019376e-05, 9.991041943923268e-05, 9.974247905861599e-05, 9.99890264278127e-05, 9.453766270670582e-05, 0.00013597533987291444, 9.838087735443683e-05, 9.973070479903338e-05, 9.312604539697337e-05]
[9.997477258319175e-05, 3.4082246889757845e-06, 7.639761606593497e-05, 4.5411437328276934e-05, 9.756926935177094e-05, 2.1635229854172453e-07, 9.95813502223451e-05, 9.995782563411154e-05, 0.9998423124827398, 0.9998299973551392, 9.994874682819371e-05, 9.981005164747615e-05, 9.997068066770142e-05, 6.190034696344069e-05, 0.9997523392055598, 0.9997588651552674, 3.2568028249766205e-06, 2.702426713877455e-05, 0.999939424542878, 9.995592044551164e-05, 0.9997980900456187, 9.989047110331869e-05, 0.9998390028235827, 9.997536024902277e-05, 3.1595958823059024e-06, 9.981691315019376e-05, 9.991041943923268e-05, 5.7773312567816855e-05, 9.446807515996236e-05, 9.512149839670262e-05, 0.9997428931135774, 9.838087735443683e-05, 0.9998393041265433, 0.9997074966954201]

gen_Xbest[9]:
[3.24009690431504e-05, 2.8670707009197e-06, 2.2003232780525893e-05, 9.994707341798886e-05, 9.756926935177094e-05, 9.998547973500197e-05, 9.95813502223451e-05, 5.530605903808091e-05, 9.630852225017529e-05, 5.0830142184395354e-05, 9.994874682819371e-05, 9.981005164747615e-05, 3.154919482287088e-05, 1.223571377587471e-05, 9.843436181918461e-05, 9.87077580426906e-05, 9.07611076278808e-07, 5.278922443195433e-05, 3.9994259988744736e-05, 9.995592044551164e-05, 9.947215015074883e-05, 4.7081660056397043e-05, 9.548495819713783e-05, 0.9997523250186311, 0.9999117540429782, 0.9996959616857399, 0.9997823394811345, 0.9997427417293149, 0.9997838886798062, 0.9997152193405, 2.1144992453847832e-05, 0.9997048573679367, 4.9957094420566075e-05, 9.968862959148504e-05]
[9.997477258319175e-05, 9.998989932518356e-05, 9.998928180309214e-05, 6.97628543351568e-05, 0.9997072921919448, 0.9998264450442832, 0.9997769910158757, 9.995782563411154e-05, 2.771663989482562e-05, 3.766391127501635e-05, 0.9997001537595154, 0.00011484899363201057, 9.997068066770142e-05, 9.998853990279498e-05, 5.079207080173204e-05, 4.371932864719548e-05, 0.9999447084663264, 9.998903816888215e-05, 1.686651202048028e-05, 9.995592044551164e-05, 9.947215015074883e-05, 8.843869807844207e-05, 3.950068664990281e-05, 4.772426087094698e-05, 5.6530232590518056e-05, 0.00010440448795968314, 1.783967998709061e-05, 9.974247905861599e-05, 2.1654218606095953e-05, 9.512149839670262e-05, 9.998655409571153e-05, 9.838087735443683e-05, 1.1008074237092985e-05, 9.968862959148504e-05]
[0.9997676494857906, 0.9998937348052849, 0.9998016098693504, 0.9997848786349186, 9.756926935177094e-05, 7.3353123683188e-05, 2.3846283679698725e-05, 0.9997447782896938, 3.366235511513369e-05, 8.15085914012969e-05, 9.994874682819371e-05, 0.9996855309030731, 0.9997685094438418, 0.9998258753993579, 9.843436181918461e-05, 9.87077580426906e-05, 5.112711977236203e-05, 0.9998201974702605, 3.7146851128502326e-06, 0.9997001322386635, 2.965654079874262e-06, 0.9997645891707618, 2.601153157019725e-05, 9.997536024902277e-05, 2.8556128549024106e-05, 9.981691315019376e-05, 9.991041943923268e-05, 9.974247905861599e-05, 9.99890264278127e-05, 9.453766270670582e-05, 0.00013597533987291444, 9.838087735443683e-05, 9.973070479903338e-05, 9.312604539697337e-05]
[9.997477258319175e-05, 3.4082246889757845e-06, 7.639761606593497e-05, 4.5411437328276934e-05, 9.756926935177094e-05, 2.1635229854172453e-07, 9.95813502223451e-05, 9.995782563411154e-05, 0.9998423124827398, 0.9998299973551392, 9.994874682819371e-05, 9.981005164747615e-05, 9.997068066770142e-05, 6.190034696344069e-05, 0.9997523392055598, 0.9997588651552674, 3.2568028249766205e-06, 2.702426713877455e-05, 0.999939424542878, 9.995592044551164e-05, 0.9997980900456187, 9.989047110331869e-05, 0.9998390028235827, 9.997536024902277e-05, 3.1595958823059024e-06, 9.981691315019376e-05, 9.991041943923268e-05, 5.7773312567816855e-05, 9.446807515996236e-05, 9.512149839670262e-05, 0.9997428931135774, 9.838087735443683e-05, 0.9998393041265433, 0.9997074966954201]

gen_Xbest[10]:
[5.6098267282445956e-05, 6.220962960557894e-05, 2.180925449854437e-05, 9.998956528547699e-05, 0.00013844067250934678, 5.3814000541556156e-05, 8.591429867138468e-05, 5.857089864557501e-05, 4.501231818653877e-05, 1.836807189728974e-05, 7.758020044442481e-05, 0.00012124467915848816, 7.525029831948431e-05, 3.274952570530138e-05, 2.039142282791405e-05, 1.529811334056811e-05, 1.7362751256041426e-05, 3.67702654577937e-05, 9.970655127319656e-05, 0.0001064259963671007, 0.0001114759029521375, 9.081692357144859e-06, 5.949458274177797e-06, 0.9997546373317915, 0.9998826672248946, 0.9998339000832995, 0.9996903161122528, 0.9997311877902961, 0.9997878856343391, 0.9998535296232726, 3.374146938774441e-05, 0.9998437794370975, 5.417846103936779e-05, 4.1814804916221576e-05]
[8.30708902415871e-05, 5.397942242016146e-05, 5.4301564191733446e-05, 3.134509183698017e-05, 0.9996792596033384, 0.9998916082371604, 0.999752402603794, 8.779855914136921e-05, 4.698728489753609e-05, 3.0149053850769085e-05, 0.9997974325888938, 9.529829719967793e-05, 0.0001030200349665386, 4.979967022201579e-05, 7.2378381922101e-05, 8.17522055436507e-05, 0.99988368651995, 9.998885725360868e-05, 9.970655127319656e-05, 9.905833749808029e-05, 9.224591373287895e-05, 8.610639022415025e-05, 9.990883241076111e-05, 7.832267089847637e-05, 5.991505168359654e-05, 7.805546908033237e-05, 7.991889310708361e-05, 0.00010678153319211465, 4.395644193487752e-05, 2.8783346290210156e-05, 0.00010553470222997371, 9.086404122920816e-05, 4.050922974192102e-05, 7.522744073437234e-05]
[0.9997608413338394, 0.9998607953449269, 0.9998951573609952, 0.9998336772139567, 8.858441078888192e-05, 3.843886146065285e-05, 4.658529949916663e-05, 0.999800437056276, 3.46168264754292e-05, 4.6192787128536715e-05, 6.701548060840744e-05, 0.999661796940737, 0.9997352342681011, 0.9998373128351634, 6.57863761530978e-05, 9.167248444319144e-05, 1.5567688408238558e-05, 0.9997942855410478, 1.790811416698295e-05, 0.9997576135022301, 4.519778626339492e-05, 0.9998396349888488, 8.087373092585043e-05, 3.268109735509651e-05, 2.9010001774318067e-05, 7.886142290914331e-05, 9.988649892739691e-05, 8.581285885295488e-05, 0.00012506856298773316, 2.9038473255410245e-05, 0.00012049725814994739, 1.8774431833624466e-05, 4.240672705362538e-05, 8.318117436898551e-05]
[9.99895086365097e-05, 2.3015603047443862e-05, 2.8731820314451132e-05, 3.498812892088332e-05, 9.371531336345771e-05, 1.6138900837454616e-05, 0.000115097798035371, 5.319348593710412e-05, 0.9998733835704405, 0.9999052900871234, 5.79717300534211e-05, 0.00012166008290484087, 8.649539861298534e-05, 8.013796890937285e-05, 0.9998414438190968, 0.9998112771966726, 8.338304038569511e-05, 6.895533624083923e-05, 0.9997826787832867, 3.690216390461991e-05, 0.9997510803970516, 6.517692857001901e-05, 0.9998132679783892, 0.00013435889995503855, 2.8407721647427183e-05, 9.183024711004915e-06, 0.00012987849571255466, 7.621781765886914e-05, 4.3089360738170726e-05, 8.864855718181164e-05, 0.9997402265702323, 4.658208983977071e-05, 0.9998629055821651, 0.9997997765799804]

gen_Xbest[11]:
[3.670824549514976e-05, 1.9748650218446422e-05, 3.6167038224752554e-05, 6.04368558118183e-05, 0.00012447786157085435, 4.478013452889189e-05, 9.09800320312913e-05, 9.998539028082575e-05, 1.91977576056952e-05, 9.992274846519757e-05, 9.99830428307325e-05, 0.00016807966754036455, 8.006178380372824e-05, 9.998878719718609e-05, 4.046325439714905e-06, 3.166305227909877e-05, 3.2363356624522104e-05, 3.0141455856006997e-05, 6.736631057953977e-05, 8.76563511359572e-05, 2.36436525950106e-05, 9.997784565707203e-05, 9.998844937901479e-05, 0.9998536526413807, 0.9998845477480062, 0.9997458041020267, 0.9996800876905253, 0.9997325799847433, 0.9997265566336652, 0.9998492802481578, 2.4736806909805048e-05, 0.999794124889517, 7.264212810276214e-05, 4.909040155234289e-05]
[5.628337848275342e-05, 6.254549131561268e-05, 6.277821579710877e-05, 1.0317188973415129e-05, 0.999713949664959, 0.9999100735460923, 0.9998025881299829, 6.768302245512215e-05, 7.00567513661263e-05, 9.992274846519757e-05, 0.9998306008868644, 9.998487910409958e-05, 0.0001028051775492099, 2.9275810789052308e-05, 9.998829429101072e-05, 9.994911389090874e-05, 0.9998103153563502, 9.994760344269266e-05, 9.997230316141307e-05, 8.305016254052176e-05, 7.240039963828453e-05, 9.997784565707203e-05, 1.3786911653928253e-05, 3.809865286096379e-05, 6.997487760313585e-05, 9.995297075394161e-05, 9.9977054185841e-05, 9.99526195264784e-05, 9.997157397364338e-05, 5.831752967204741e-05, 0.00010415664226808583, 8.41844657147105e-05, 6.669773086772272e-05, 9.99741832354266e-05]
[0.9998244058127955, 0.9998805197122824, 0.9998763059282301, 0.9998292570790027, 8.061691652634011e-05, 1.3518159065001613e-05, 9.351169832711058e-06, 0.9998104285536767, 3.4411579046643106e-05, 9.992274846519757e-05, 3.902204527098098e-05, 0.9996087617686158, 0.999727861526032, 0.9997821114940956, 2.7000276953341017e-05, 9.994911389090874e-05, 9.998528677011458e-05, 0.9997699633372586, 3.275811677044266e-05, 0.9998173963799711, 1.1007674496403523e-05, 0.9997691607265881, 5.4067126286867136e-05, 4.187266047288602e-06, 3.860812772781336e-06, 5.428995646545105e-05, 9.780513482056124e-05, 6.751477620376511e-05, 0.00011985258107102644, 5.6504641594920944e-06, 0.00010993825245893114, 9.998970916415674e-05, 3.8892880669535174e-05, 5.877512196921986e-05]
[8.26025632265883e-05, 3.718614618360219e-05, 2.4748817748019365e-05, 9.998887621211436e-05, 8.095555694368473e-05, 3.162816031374731e-05, 9.708066815307356e-05, 2.1903033587323003e-05, 0.9998763339119816, 0.9997002317546044, 3.039402503392541e-05, 0.00012317368473980565, 8.927151261509796e-05, 8.862390791837699e-05, 0.9998689651033159, 0.9997684387199391, 5.73360002552173e-05, 9.994760344269266e-05, 0.9997999032694888, 1.18971063523937e-05, 0.9998929482732704, 3.088358209764033e-05, 0.9998321575126802, 0.00010406143971091693, 4.16165616179241e-05, 9.995297075394161e-05, 0.00012213012046836578, 9.99526195264784e-05, 5.361921129012367e-05, 8.67517580107113e-05, 0.9997611682983633, 2.1700935603884574e-05, 0.99982176726036, 0.9997921602932431]

gen_Xbest[12]:
[9.998778887871763e-05, 1.1834589111707762e-05, 1.7815856247200717e-05, 4.289441687736781e-05, 8.321812959037015e-05, 3.768297373228627e-05, 8.820908489402637e-06, 8.381765742218643e-06, 0.0002185138281712362, 1.4716221985757134e-05, 0.00010572860885163953, 0.0001268536648169572, 9.99890959293649e-05, 3.8746357022580565e-05, 3.968478577706252e-05, 1.9204648294114905e-05, 9.995927210435173e-05, 9.998920053001415e-05, 3.106726503686677e-05, 4.7602058058631785e-05, 6.549106260168443e-05, 1.8334354309605588e-05, 4.050432343722574e-05, 0.99985370812178, 0.9997304893951403, 0.9998604038604273, 0.9997378334837055, 0.9999123324253003, 0.9998118928271664, 0.9999012768015885, 6.15871223814724e-05, 0.999907163152133, 1.6791605501281705e-05, 3.0629241809813486e-05]
[7.422774316942644e-05, 6.703813691785657e-05, 2.5768169283328882e-05, 9.997429084692513e-05, 0.9997917894973802, 0.999900230451412, 0.9999526910907436, 4.7960804266635456e-05, 7.062413240410072e-05, 9.998881039705032e-05, 0.999841173359298, 6.77351130566363e-05, 4.800011178089784e-05, 2.2959706673902296e-05, 1.0430514160258137e-05, 9.997629788985106e-05, 0.999700122183687, 0.0001082713432099111, 3.4860186426847106e-05, 9.344706979805694e-05, 7.454384538404995e-05, 8.314129584511975e-05, 9.997605542323579e-05, 2.300683028745566e-05, 9.997207918956183e-05, 7.67177192687343e-05, 9.015447500568483e-05, 4.614948928085738e-05, 4.730066119778953e-05, 6.723988464888778e-05, 8.768165856517345e-05, 2.1459147992942868e-05, 9.981003112409388e-05, 3.0170203274638594e-05]
[0.9997278469849863, 0.9998993344765366, 0.9999442663002394, 0.9997571570014288, 9.915597576964891e-05, 3.9173261322803226e-05, 1.637760391793188e-05, 0.9998779215725091, 8.891635204414962e-05, 7.738847251648885e-05, 2.6063483572875452e-05, 0.9997685255248477, 0.9998145780876249, 0.9998943478981204, 8.628720715326223e-05, 1.1775252541650278e-05, 9.995927210435173e-05, 0.9997550564352614, 2.009245598075826e-05, 0.9998325278693717, 4.426926585748134e-05, 0.9998541600793903, 9.997605542323579e-05, 2.8209185323862932e-05, 9.997207918956183e-05, 5.423236598457723e-06, 7.993323962664968e-05, 1.9821621804643127e-05, 0.00010329953819979402, 1.263051148607579e-05, 0.00010539627047793723, 3.795983969794402e-05, 7.618979257801719e-05, 7.191233525616881e-05]
[9.793748296573851e-05, 2.179279743384996e-05, 1.2149674230133513e-05, 9.997429084692513e-05, 2.583639725980204e-05, 2.291331353290354e-05, 2.2110396849098014e-05, 6.573585748199889e-05, 0.9996219456873805, 0.9998079064951007, 2.7034548277424085e-05, 3.688569727869409e-05, 3.74327046649903e-05, 4.3946038183179074e-05, 0.9998635974929093, 0.9998690438012743, 9.995927210435173e-05, 3.66830209986336e-05, 0.9999139800925556, 2.6423002771610375e-05, 0.9998156958261568, 4.436427045494988e-05, 0.9997595435657163, 9.507586260867695e-05, 6.956644648047303e-05, 5.745518370556866e-05, 9.207880166225178e-05, 2.1696463614217827e-05, 3.750697343605187e-05, 1.8852802276595108e-05, 0.9997453349485754, 3.3417860176201984e-05, 0.9998072085707965, 0.9998672882196594]

gen_Xbest[13]:
